2016306 121.44211252  24.99765515   31.086
2016307 121.44211250  24.99765513   31.089
2016308 121.44211250  24.99765515   31.101
2016309 121.44211254  24.99765513   31.089
2016310 121.44211253  24.99765513   31.096
2016311 121.44211248  24.99765514   31.089
2016312 121.44211248  24.99765512   31.084
2016313 121.44211248  24.99765514   31.093
2016314 121.44211248  24.99765516   31.098
2016315 121.44211247  24.99765516   31.092
2016316 121.44211245  24.99765514   31.091
2016317 121.44211253  24.99765513   31.089
2016318 121.44211250  24.99765513   31.086
2016319 121.44211254  24.99765512   31.081
2016320 121.44211254  24.99765511   31.090
2016321 121.44211253  24.99765512   31.093
2016322 121.44211258  24.99765513   31.093
2016323 121.44211254  24.99765515   31.093
2016324 121.44211252  24.99765517   31.082
2016325 121.44211255  24.99765515   31.089
2016326 121.44211250  24.99765517   31.082
2016327 121.44211253  24.99765516   31.095
2016328 121.44211251  24.99765513   31.096
2016336 121.44211254  24.99765512   31.087
2016337 121.44211256  24.99765514   31.084
2016338 121.44211255  24.99765515   31.099
2016339 121.44211255  24.99765516   31.079
2016340 121.44211252  24.99765518   31.081
2016341 121.44211252  24.99765520   31.090
2016342 121.44211248  24.99765514   31.095
2016343 121.44211253  24.99765513   31.086
2016344 121.44211249  24.99765513   31.093
2016345 121.44211251  24.99765514   31.087
2016346 121.44211253  24.99765512   31.083
2016347 121.44211258  24.99765513   31.089
2016348 121.44211256  24.99765514   31.081
2016349 121.44211253  24.99765516   31.088
2016350 121.44211248  24.99765512   31.090
2016351 121.44211250  24.99765512   31.091
2016352 121.44211250  24.99765510   31.089
2016353 121.44211250  24.99765510   31.086
2016354 121.44211251  24.99765509   31.079
2016355 121.44211255  24.99765514   31.086
2016356 121.44211250  24.99765511   31.080
2016357 121.44211256  24.99765516   31.084
2016358 121.44211252  24.99765518   31.091
2016359 121.44211254  24.99765516   31.098
2016360 121.44211256  24.99765514   31.081
2016361 121.44211257  24.99765513   31.086
2016362 121.44211256  24.99765516   31.090
2016363 121.44211251  24.99765511   31.089
2016364 121.44211247  24.99765508   31.087
2016365 121.44211251  24.99765511   31.089
2016366 121.44211251  24.99765508   31.091
2017001 121.44211251  24.99765512   31.087
2017002 121.44211254  24.99765512   31.091
2017003 121.44211253  24.99765510   31.088
2017004 121.44211253  24.99765511   31.090
2017005 121.44211253  24.99765513   31.078
2017006 121.44211253  24.99765511   31.079
2017007 121.44211254  24.99765513   31.085
2017008 121.44211253  24.99765513   31.090
2017009 121.44211256  24.99765514   31.088
2017010 121.44211258  24.99765515   31.081
2017011 121.44211257  24.99765512   31.093
2017012 121.44211260  24.99765515   31.093
2017013 121.44211258  24.99765516   31.084
2017014 121.44211257  24.99765513   31.083
2017015 121.44211257  24.99765517   31.091
2017016 121.44211255  24.99765516   31.092
2017017 121.44211257  24.99765514   31.088
2017018 121.44211256  24.99765514   31.090
2017019 121.44211256  24.99765514   31.088
2017020 121.44211256  24.99765516   31.081
2017021 121.44211256  24.99765510   31.084
2017022 121.44211255  24.99765513   31.090
2017023 121.44211259  24.99765512   31.093
2017024 121.44211261  24.99765512   31.092
2017025 121.44211253  24.99765511   31.089
2017026 121.44211254  24.99765509   31.093
2017027 121.44211254  24.99765509   31.089
2017028 121.44211254  24.99765510   31.091
2017029 121.44211255  24.99765511   31.090
2017030 121.44211256  24.99765510   31.088
2017031 121.44211262  24.99765513   31.094
2017032 121.44211258  24.99765513   31.095
2017033 121.44211256  24.99765510   31.098
2017034 121.44211256  24.99765509   31.088
2017035 121.44211256  24.99765509   31.093
2017036 121.44211259  24.99765514   31.090
2017037 121.44211256  24.99765510   31.093
2017038 121.44211256  24.99765510   31.100
2017039 121.44211260  24.99765512   31.086
2017040 121.44211261  24.99765513   31.096
2017041 121.44211261  24.99765513   31.096
2017042 121.44211258  24.99765515   31.098
2017043 121.44211256  24.99765509   31.091
2017044 121.44211255  24.99765509   31.090
2017045 121.44211256  24.99765510   31.093
2017046 121.44211256  24.99765509   31.088
2017047 121.44211257  24.99765509   31.086
2017048 121.44211256  24.99765509   31.085
2017049 121.44211256  24.99765510   31.092
2017050 121.44211262  24.99765512   31.088
2017051 121.44211257  24.99765510   31.085
2017052 121.44211265  24.99765512   31.086
2017053 121.44211265  24.99765514   31.085
2017054 121.44211259  24.99765515   31.084
2017055 121.44211262  24.99765515   31.089
2017056 121.44211262  24.99765516   31.077
2017057 121.44211263  24.99765515   31.088
2017058 121.44211265  24.99765512   31.086
2017059 121.44211260  24.99765511   31.088
2017060 121.44211258  24.99765510   31.091
2017061 121.44211259  24.99765509   31.089
2017062 121.44211261  24.99765511   31.090
2017063 121.44211259  24.99765507   31.085
2017064 121.44211259  24.99765511   31.088
2017065 121.44211257  24.99765511   31.091
2017066 121.44211257  24.99765510   31.086
2017067 121.44211265  24.99765513   31.089
2017068 121.44211264  24.99765514   31.097
2017069 121.44211266  24.99765512   31.092
2017070 121.44211264  24.99765513   31.088
2017071 121.44211268  24.99765512   31.086
2017072 121.44211268  24.99765513   31.080
2017073 121.44211259  24.99765509   31.094
2017074 121.44211260  24.99765510   31.096
2017075 121.44211259  24.99765512   31.089
2017076 121.44211260  24.99765508   31.089
2017077 121.44211259  24.99765510   31.090
2017078 121.44211265  24.99765512   31.081
2017079 121.44211268  24.99765510   31.084
2017080 121.44211260  24.99765509   31.093
2017081 121.44211261  24.99765509   31.087
2017082 121.44211260  24.99765511   31.087
2017083 121.44211261  24.99765508   31.089
2017084 121.44211261  24.99765509   31.088
2017085 121.44211261  24.99765508   31.092
2017086 121.44211261  24.99765510   31.094
2017087 121.44211268  24.99765510   31.085
2017088 121.44211268  24.99765511   31.091
2017089 121.44211269  24.99765510   31.091
2017090 121.44211264  24.99765513   31.087
2017091 121.44211268  24.99765509   31.085
2017092 121.44211266  24.99765510   31.090
2017093 121.44211267  24.99765509   31.094
2017094 121.44211262  24.99765508   31.087
2017095 121.44211270  24.99765508   31.091
2017096 121.44211263  24.99765508   31.096
2017097 121.44211262  24.99765509   31.082
2017098 121.44211263  24.99765511   31.084
2017099 121.44211262  24.99765509   31.077
2017100 121.44211260  24.99765508   31.085
2017101 121.44211270  24.99765516   31.098
2017102 121.44211265  24.99765515   31.093
2017103 121.44211268  24.99765512   31.090
2017104 121.44211266  24.99765514   31.087
2017105 121.44211269  24.99765511   31.081
2017106 121.44211266  24.99765514   31.081
2017107 121.44211273  24.99765511   31.074
2017108 121.44211268  24.99765509   31.069
2017109 121.44211271  24.99765511   31.062
2017110 121.44211262  24.99765507   31.075
2017111 121.44211268  24.99765511   31.088
2017112 121.44211266  24.99765512   31.091
2017113 121.44211268  24.99765514   31.087
2017114 121.44211272  24.99765511   31.089
2017115 121.44211266  24.99765513   31.090
2017116 121.44211270  24.99765512   31.084
2017117 121.44211269  24.99765510   31.089
2017118 121.44211267  24.99765514   31.096
2017119 121.44211270  24.99765514   31.089
2017120 121.44211267  24.99765512   31.084
2017121 121.44211267  24.99765514   31.091
2017122 121.44211269  24.99765510   31.084
2017123 121.44211262  24.99765507   31.084
2017124 121.44211264  24.99765507   31.090
2017125 121.44211259  24.99765512   31.091
2017126 121.44211259  24.99765511   31.089
2017127 121.44211263  24.99765510   31.088
2017128 121.44211253  24.99765510   31.090
2017129 121.44211262  24.99765507   31.083
2017130 121.44211266  24.99765514   31.087
2017131 121.44211270  24.99765513   31.085
2017132 121.44211275  24.99765505   31.092
2017133 121.44211268  24.99765514   31.087
2017134 121.44211269  24.99765511   31.085
2017135 121.44211271  24.99765513   31.086
2017136 121.44211268  24.99765514   31.084
2017137 121.44211267  24.99765517   31.090
2017138 121.44211268  24.99765511   31.088
2017139 121.44211268  24.99765513   31.083
2017140 121.44211273  24.99765511   31.088
2017141 121.44211269  24.99765512   31.096
2017142 121.44211270  24.99765512   31.086
2017143 121.44211268  24.99765511   31.078
2017144 121.44211269  24.99765511   31.081
2017145 121.44211271  24.99765511   31.085
2017146 121.44211265  24.99765515   31.099
2017147 121.44211269  24.99765511   31.086
2017148 121.44211268  24.99765509   31.097
2017149 121.44211271  24.99765512   31.088
2017150 121.44211267  24.99765516   31.082
2017151 121.44211273  24.99765511   31.086
2017152 121.44211263  24.99765510   31.077
2017153 121.44211266  24.99765517   31.065
2017154 121.44211271  24.99765513   31.079
2017155 121.44211274  24.99765515   31.094
2017156 121.44211270  24.99765509   31.087
2017157 121.44211271  24.99765514   31.067
2017158 121.44211266  24.99765511   31.075
2017159 121.44211268  24.99765509   31.081
2017160 121.44211267  24.99765512   31.086
2017161 121.44211268  24.99765510   31.058
2017162 121.44211275  24.99765511   31.085
2017163 121.44211274  24.99765505   31.082
2017164 121.44211281  24.99765507   31.069
2017165 121.44211271  24.99765512   31.086
2017166 121.44211271  24.99765515   31.083
2017167 121.44211272  24.99765512   31.079
2017168 121.44211274  24.99765512   31.079
2017169 121.44211273  24.99765509   31.084
2017170 121.44211274  24.99765512   31.093
2017171 121.44211263  24.99765507   31.075
2017172 121.44211264  24.99765509   31.090
2017173 121.44211270  24.99765511   31.073
2017174 121.44211258  24.99765512   31.082
2017175 121.44211264  24.99765510   31.081
2017176 121.44211265  24.99765507   31.071
2017177 121.44211267  24.99765504   31.076
2017178 121.44211266  24.99765508   31.087
2017179 121.44211264  24.99765507   31.084
2017180 121.44211271  24.99765513   31.075
2017181 121.44211273  24.99765514   31.091
2017182 121.44211279  24.99765512   31.085
2017183 121.44211272  24.99765511   31.074
2017184 121.44211278  24.99765512   31.065
2017185 121.44211276  24.99765507   31.083
2017186 121.44211276  24.99765510   31.094
2017187 121.44211266  24.99765507   31.090
2017188 121.44211272  24.99765509   31.101
2017189 121.44211267  24.99765508   31.087
2017190 121.44211266  24.99765506   31.080
2017191 121.44211279  24.99765510   31.081
2017192 121.44211275  24.99765514   31.120
2017193 121.44211271  24.99765509   31.082
2017194 121.44211271  24.99765509   31.082
2017195 121.44211276  24.99765510   31.066
2017196 121.44211274  24.99765511   31.078
2017197 121.44211278  24.99765509   31.072
2017198 121.44211273  24.99765508   31.091
2017199 121.44211273  24.99765506   31.085
2017200 121.44211270  24.99765507   31.086
2017201 121.44211269  24.99765505   31.087
2017202 121.44211270  24.99765504   31.082
2017203 121.44211272  24.99765505   31.090
2017204 121.44211266  24.99765509   31.090
2017205 121.44211266  24.99765506   31.082
2017206 121.44211267  24.99765505   31.089
2017207 121.44211268  24.99765505   31.100
2017208 121.44211269  24.99765506   31.083
2017209 121.44211273  24.99765506   31.065
2017210 121.44211277  24.99765504   31.095
2017211 121.44211282  24.99765507   31.073
2017212 121.44211279  24.99765509   31.098
2017213 121.44211277  24.99765509   31.084
2017214 121.44211281  24.99765512   31.103
2017215 121.44211274  24.99765512   31.076
2017216 121.44211269  24.99765510   31.080
2017217 121.44211269  24.99765504   31.079
2017218 121.44211268  24.99765501   31.091
2017219 121.44211269  24.99765509   31.091
2017220 121.44211267  24.99765504   31.084
2017221 121.44211270  24.99765503   31.073
2017222 121.44211267  24.99765505   31.083
2017223 121.44211273  24.99765507   31.078
2017224 121.44211269  24.99765510   31.094
2017225 121.44211266  24.99765512   31.089
2017226 121.44211274  24.99765514   31.087
2017227 121.44211273  24.99765507   31.081
2017228 121.44211269  24.99765511   31.085
2017229 121.44211267  24.99765511   31.090
2017230 121.44211273  24.99765504   31.082
2017231 121.44211264  24.99765507   31.092
2017232 121.44211278  24.99765510   31.088
2017233 121.44211277  24.99765509   31.091
2017234 121.44211273  24.99765506   31.068
2017235 121.44211267  24.99765504   31.091
2017236 121.44211271  24.99765505   31.091
2017237 121.44211272  24.99765506   31.092
2017238 121.44211276  24.99765505   31.079
2017239 121.44211274  24.99765507   31.082
2017240 121.44211273  24.99765504   31.085
2017241 121.44211272  24.99765501   31.086
2017242 121.44211276  24.99765507   31.081
2017243 121.44211274  24.99765509   31.088
2017244 121.44211274  24.99765505   31.090
2017245 121.44211279  24.99765511   31.084
2017246 121.44211282  24.99765510   31.085
2017247 121.44211280  24.99765505   31.080
2017248 121.44211273  24.99765509   31.086
2017249 121.44211276  24.99765512   31.080
2017250 121.44211280  24.99765507   31.072
2017251 121.44211274  24.99765508   31.092
2017252 121.44211279  24.99765509   31.085
2017253 121.44211274  24.99765516   31.084
2017254 121.44211278  24.99765510   31.076
2017255 121.44211279  24.99765507   31.083
2017256 121.44211276  24.99765507   31.085
2017257 121.44211276  24.99765505   31.092
2017258 121.44211276  24.99765506   31.068
2017259 121.44211276  24.99765507   31.083
2017260 121.44211276  24.99765512   31.076
2017261 121.44211279  24.99765510   31.085
2017262 121.44211276  24.99765511   31.079
2017263 121.44211274  24.99765512   31.091
2017264 121.44211276  24.99765510   31.086
2017265 121.44211272  24.99765511   31.079
2017266 121.44211273  24.99765510   31.084
2017267 121.44211275  24.99765512   31.094
2017268 121.44211281  24.99765506   31.076
2017269 121.44211277  24.99765508   31.086
2017270 121.44211281  24.99765507   31.079
2017271 121.44211278  24.99765504   31.073
2017272 121.44211279  24.99765507   31.076
2017273 121.44211279  24.99765505   31.091
2017274 121.44211279  24.99765511   31.080
2017275 121.44211279  24.99765509   31.084
2017276 121.44211275  24.99765505   31.100
2017277 121.44211273  24.99765506   31.089
2017278 121.44211272  24.99765502   31.082
2017279 121.44211273  24.99765499   31.086
2017280 121.44211274  24.99765500   31.097
2017281 121.44211281  24.99765502   31.052
2017282 121.44211279  24.99765504   31.086
2017283 121.44211279  24.99765502   31.080
2017284 121.44211274  24.99765503   31.069
2017285 121.44211273  24.99765501   31.105
2017286 121.44211278  24.99765503   31.086
2017287 121.44211282  24.99765506   31.086
2017288 121.44211284  24.99765504   31.092
2017289 121.44211278  24.99765501   31.079
2017290 121.44211276  24.99765500   31.083
2017291 121.44211280  24.99765501   31.082
2017292 121.44211281  24.99765506   31.077
2017293 121.44211281  24.99765504   31.082
2017294 121.44211278  24.99765507   31.082
2017295 121.44211281  24.99765505   31.080
2017296 121.44211279  24.99765504   31.092
2017297 121.44211278  24.99765507   31.093
2017298 121.44211284  24.99765506   31.085
2017299 121.44211279  24.99765505   31.086
2017300 121.44211280  24.99765505   31.085
2017301 121.44211277  24.99765502   31.085
2017302 121.44211277  24.99765502   31.086
2017303 121.44211276  24.99765502   31.094
2017304 121.44211276  24.99765499   31.095
