2016306 121.37453688  23.09833329   77.224
2016307 121.37453687  23.09833329   77.229
2016308 121.37453688  23.09833331   77.240
2016309 121.37453697  23.09833324   77.235
2016310 121.37453688  23.09833329   77.235
2016311 121.37453680  23.09833329   77.229
2016312 121.37453683  23.09833331   77.242
2016313 121.37453683  23.09833329   77.236
2016314 121.37453684  23.09833331   77.240
2016315 121.37453686  23.09833329   77.234
2016316 121.37453683  23.09833331   77.237
2016317 121.37453689  23.09833330   77.236
2016318 121.37453687  23.09833332   77.238
2016319 121.37453689  23.09833328   77.230
2016320 121.37453687  23.09833326   77.233
2016321 121.37453687  23.09833331   77.234
2016322 121.37453690  23.09833330   77.238
2016323 121.37453688  23.09833333   77.239
2016324 121.37453685  23.09833335   77.239
2016325 121.37453691  23.09833332   77.242
2016326 121.37453689  23.09833333   77.233
2016327 121.37453689  23.09833331   77.241
2016328 121.37453685  23.09833331   77.232
2016329 121.37453684  23.09833333   77.235
2016330 121.37453681  23.09833334   77.225
2016331 121.37453689  23.09833334   77.237
2016332 121.37453684  23.09833334   77.234
2016333 121.37453687  23.09833335   77.238
2016334 121.37453686  23.09833335   77.229
2016335 121.37453688  23.09833333   77.233
2016336 121.37453686  23.09833333   77.228
2016337 121.37453688  23.09833333   77.222
2016338 121.37453688  23.09833334   77.231
2016339 121.37453688  23.09833332   77.233
2016340 121.37453689  23.09833335   77.230
2016341 121.37453686  23.09833334   77.231
2016342 121.37453684  23.09833332   77.240
2016343 121.37453684  23.09833332   77.236
2016344 121.37453683  23.09833333   77.226
2016345 121.37453685  23.09833333   77.224
2016346 121.37453686  23.09833333   77.233
2016347 121.37453686  23.09833333   77.229
2016348 121.37453688  23.09833334   77.225
2016349 121.37453684  23.09833334   77.226
2016350 121.37453680  23.09833334   77.235
2016351 121.37453683  23.09833333   77.235
2016352 121.37453681  23.09833333   77.233
2016353 121.37453681  23.09833333   77.234
2016354 121.37453681  23.09833332   77.230
2016355 121.37453685  23.09833337   77.231
2016356 121.37453684  23.09833333   77.233
2016357 121.37453685  23.09833335   77.229
2016358 121.37453683  23.09833336   77.237
2016359 121.37453684  23.09833337   77.234
2016360 121.37453685  23.09833337   77.223
2016361 121.37453684  23.09833334   77.236
2016362 121.37453685  23.09833334   77.242
2016363 121.37453679  23.09833333   77.232
2016364 121.37453678  23.09833333   77.237
2016365 121.37453678  23.09833336   77.236
2016366 121.37453680  23.09833332   77.236
2017001 121.37453681  23.09833334   77.239
2017002 121.37453681  23.09833335   77.240
2017003 121.37453680  23.09833334   77.231
2017004 121.37453680  23.09833334   77.238
2017005 121.37453681  23.09833335   77.227
2017006 121.37453682  23.09833333   77.234
2017007 121.37453681  23.09833333   77.233
2017008 121.37453683  23.09833334   77.229
2017009 121.37453682  23.09833337   77.235
2017010 121.37453683  23.09833338   77.226
2017011 121.37453683  23.09833338   77.241
2017012 121.37453685  23.09833338   77.237
2017013 121.37453685  23.09833339   77.235
2017014 121.37453681  23.09833338   77.237
2017015 121.37453681  23.09833339   77.237
2017016 121.37453681  23.09833339   77.233
2017017 121.37453682  23.09833337   77.238
2017018 121.37453680  23.09833338   77.235
2017019 121.37453681  23.09833336   77.230
2017020 121.37453683  23.09833337   77.227
2017021 121.37453683  23.09833337   77.229
2017022 121.37453681  23.09833338   77.231
2017023 121.37453681  23.09833336   77.229
2017024 121.37453684  23.09833338   77.234
2017025 121.37453677  23.09833336   77.231
2017026 121.37453677  23.09833336   77.234
2017027 121.37453676  23.09833335   77.238
2017028 121.37453676  23.09833336   77.240
2017029 121.37453680  23.09833336   77.232
2017039 121.37453678  23.09833339   77.258
2017040 121.37453682  23.09833339   77.235
2017041 121.37453685  23.09833340   77.232
2017048 121.37453676  23.09833336   77.229
2017049 121.37453676  23.09833338   77.243
2017050 121.37453683  23.09833338   77.235
2017051 121.37453674  23.09833339   77.234
2017052 121.37453680  23.09833339   77.233
2017053 121.37453682  23.09833340   77.226
2017054 121.37453676  23.09833343   77.236
2017055 121.37453684  23.09833343   77.234
2017056 121.37453682  23.09833343   77.229
2017057 121.37453683  23.09833341   77.230
2017058 121.37453684  23.09833342   77.225
2017059 121.37453678  23.09833340   77.232
2017060 121.37453678  23.09833336   77.233
2017061 121.37453677  23.09833339   77.236
2017062 121.37453678  23.09833340   77.233
2017063 121.37453677  23.09833339   77.226
2017064 121.37453676  23.09833339   77.225
2017065 121.37453677  23.09833340   77.233
2017066 121.37453676  23.09833343   77.233
2017067 121.37453681  23.09833343   77.230
2017068 121.37453682  23.09833343   77.231
2017069 121.37453679  23.09833343   77.236
2017070 121.37453680  23.09833342   77.229
2017071 121.37453687  23.09833340   77.227
2017072 121.37453688  23.09833341   77.229
2017073 121.37453678  23.09833340   77.241
2017074 121.37453676  23.09833340   77.230
2017075 121.37453676  23.09833341   77.229
2017076 121.37453676  23.09833338   77.234
2017077 121.37453675  23.09833338   77.234
2017078 121.37453682  23.09833341   77.220
2017079 121.37453682  23.09833341   77.237
2017080 121.37453675  23.09833339   77.228
2017081 121.37453678  23.09833339   77.221
2017082 121.37453676  23.09833341   77.238
2017083 121.37453674  23.09833338   77.230
2017084 121.37453676  23.09833341   77.225
2017085 121.37453677  23.09833341   77.228
2017086 121.37453675  23.09833342   77.235
2017087 121.37453679  23.09833341   77.238
2017088 121.37453681  23.09833344   77.231
2017089 121.37453681  23.09833342   77.227
2017090 121.37453677  23.09833344   77.231
2017091 121.37453682  23.09833341   77.229
2017092 121.37453677  23.09833341   77.234
2017093 121.37453679  23.09833341   77.236
2017094 121.37453674  23.09833340   77.226
2017095 121.37453673  23.09833339   77.234
2017096 121.37453672  23.09833340   77.235
2017097 121.37453674  23.09833339   77.232
2017098 121.37453673  23.09833340   77.237
2017099 121.37453670  23.09833340   77.225
2017100 121.37453677  23.09833337   77.214
2017101 121.37453684  23.09833345   77.207
2017102 121.37453682  23.09833343   77.236
2017103 121.37453681  23.09833343   77.221
2017104 121.37453678  23.09833343   77.224
2017105 121.37453679  23.09833344   77.235
2017106 121.37453678  23.09833344   77.220
2017107 121.37453682  23.09833345   77.215
2017108 121.37453678  23.09833339   77.219
2017109 121.37453677  23.09833344   77.224
2017110 121.37453671  23.09833340   77.231
2017111 121.37453680  23.09833347   77.214
2017112 121.37453679  23.09833342   77.227
2017113 121.37453678  23.09833345   77.229
2017114 121.37453680  23.09833344   77.231
2017115 121.37453677  23.09833345   77.230
2017116 121.37453678  23.09833343   77.226
2017117 121.37453676  23.09833343   77.225
2017118 121.37453676  23.09833345   77.230
2017119 121.37453678  23.09833345   77.229
2017120 121.37453678  23.09833341   77.220
2017121 121.37453675  23.09833346   77.235
2017122 121.37453679  23.09833343   77.234
2017123 121.37453673  23.09833341   77.222
2017124 121.37453669  23.09833340   77.239
2017125 121.37453667  23.09833345   77.235
2017126 121.37453671  23.09833339   77.236
2017127 121.37453668  23.09833343   77.230
2017128 121.37453661  23.09833342   77.227
2017129 121.37453670  23.09833339   77.228
2017130 121.37453674  23.09833347   77.240
2017131 121.37453676  23.09833346   77.221
2017132 121.37453674  23.09833345   77.226
2017133 121.37453676  23.09833347   77.228
2017134 121.37453676  23.09833344   77.212
2017135 121.37453674  23.09833344   77.234
2017136 121.37453676  23.09833346   77.233
2017137 121.37453676  23.09833347   77.221
2017138 121.37453676  23.09833344   77.232
2017139 121.37453675  23.09833346   77.229
2017140 121.37453679  23.09833347   77.225
2017141 121.37453675  23.09833349   77.238
2017142 121.37453674  23.09833345   77.221
2017143 121.37453674  23.09833347   77.229
2017144 121.37453676  23.09833341   77.230
2017145 121.37453677  23.09833346   77.230
2017146 121.37453671  23.09833351   77.239
2017147 121.37453673  23.09833348   77.228
2017148 121.37453673  23.09833346   77.226
2017149 121.37453675  23.09833348   77.226
2017150 121.37453673  23.09833348   77.224
2017151 121.37453680  23.09833344   77.223
2017152 121.37453672  23.09833346   77.226
2017153 121.37453673  23.09833346   77.212
2017154 121.37453676  23.09833348   77.230
2017155 121.37453679  23.09833347   77.235
2017156 121.37453670  23.09833345   77.233
2017157 121.37453673  23.09833348   77.220
2017158 121.37453669  23.09833346   77.243
2017159 121.37453670  23.09833344   77.228
2017160 121.37453670  23.09833346   77.230
2017161 121.37453676  23.09833345   77.226
2017162 121.37453678  23.09833342   77.233
2017163 121.37453677  23.09833340   77.237
2017164 121.37453675  23.09833343   77.232
2017165 121.37453673  23.09833347   77.242
2017166 121.37453672  23.09833350   77.224
2017167 121.37453673  23.09833347   77.233
2017168 121.37453677  23.09833347   77.238
2017169 121.37453673  23.09833345   77.242
2017170 121.37453676  23.09833344   77.232
2017171 121.37453666  23.09833345   77.228
2017172 121.37453666  23.09833345   77.230
2017173 121.37453673  23.09833346   77.230
2017174 121.37453669  23.09833343   77.230
2017175 121.37453669  23.09833342   77.237
2017176 121.37453669  23.09833342   77.235
2017177 121.37453666  23.09833341   77.231
2017178 121.37453664  23.09833342   77.236
2017179 121.37453667  23.09833345   77.237
2017180 121.37453674  23.09833346   77.231
2017181 121.37453674  23.09833350   77.225
2017182 121.37453674  23.09833346   77.232
2017183 121.37453701  23.09833332   77.238
2017184 121.37453673  23.09833351   77.231
2017185 121.37453674  23.09833346   77.223
2017186 121.37453670  23.09833348   77.230
2017187 121.37453664  23.09833345   77.238
2017188 121.37453671  23.09833345   77.235
2017189 121.37453664  23.09833347   77.234
2017190 121.37453662  23.09833343   77.232
2017191 121.37453677  23.09833348   77.243
2017192 121.37453670  23.09833347   77.234
2017193 121.37453670  23.09833346   77.234
2017194 121.37453668  23.09833345   77.232
2017195 121.37453669  23.09833345   77.223
2017196 121.37453671  23.09833349   77.227
2017197 121.37453671  23.09833349   77.220
2017198 121.37453670  23.09833346   77.239
2017199 121.37453669  23.09833346   77.231
2017200 121.37453668  23.09833344   77.225
2017201 121.37453667  23.09833344   77.244
2017202 121.37453664  23.09833343   77.227
2017203 121.37453666  23.09833346   77.234
2017204 121.37453667  23.09833346   77.228
2017205 121.37453662  23.09833346   77.229
2017206 121.37453666  23.09833344   77.231
2017207 121.37453663  23.09833348   77.241
2017208 121.37453665  23.09833346   77.231
2017209 121.37453667  23.09833349   77.229
2017210 121.37453671  23.09833349   77.237
2017211 121.37453676  23.09833349   77.224
2017212 121.37453670  23.09833350   77.237
2017213 121.37453674  23.09833348   77.223
2017214 121.37453675  23.09833350   77.222
2017215 121.37453666  23.09833347   77.235
2017216 121.37453664  23.09833347   77.227
2017217 121.37453669  23.09833343   77.233
2017218 121.37453666  23.09833348   77.244
2017219 121.37453669  23.09833348   77.241
2017220 121.37453665  23.09833346   77.233
2017221 121.37453663  23.09833345   77.229
2017222 121.37453664  23.09833348   77.226
2017223 121.37453674  23.09833351   77.231
2017224 121.37453669  23.09833349   77.233
2017225 121.37453672  23.09833349   77.230
2017226 121.37453672  23.09833352   77.230
2017227 121.37453669  23.09833346   77.241
2017228 121.37453670  23.09833346   77.222
2017229 121.37453661  23.09833344   77.235
2017230 121.37453661  23.09833347   77.237
2017231 121.37453662  23.09833347   77.230
2017232 121.37453665  23.09833351   77.237
2017233 121.37453673  23.09833350   77.252
2017234 121.37453666  23.09833349   77.233
2017235 121.37453664  23.09833350   77.231
2017236 121.37453663  23.09833350   77.240
2017237 121.37453659  23.09833351   77.244
2017238 121.37453666  23.09833349   77.237
2017239 121.37453666  23.09833346   77.225
2017240 121.37453662  23.09833352   77.218
2017241 121.37453666  23.09833347   77.219
2017242 121.37453665  23.09833354   77.226
2017243 121.37453668  23.09833351   77.232
2017244 121.37453669  23.09833352   77.231
2017245 121.37453669  23.09833354   77.231
2017246 121.37453675  23.09833350   77.222
2017247 121.37453669  23.09833351   77.219
2017248 121.37453665  23.09833355   77.226
2017249 121.37453668  23.09833355   77.230
2017250 121.37453667  23.09833352   77.223
2017251 121.37453668  23.09833352   77.241
2017252 121.37453670  23.09833350   77.228
2017253 121.37453666  23.09833355   77.231
2017254 121.37453666  23.09833353   77.234
2017255 121.37453667  23.09833353   77.218
2017256 121.37453668  23.09833352   77.240
2017257 121.37453671  23.09833357   77.221
2017258 121.37453667  23.09833350   77.239
2017259 121.37453664  23.09833354   77.226
2017260 121.37453666  23.09833353   77.226
2017261 121.37453666  23.09833354   77.228
2017262 121.37453665  23.09833354   77.231
2017263 121.37453666  23.09833354   77.241
2017264 121.37453666  23.09833353   77.221
2017265 121.37453668  23.09833352   77.211
2017266 121.37453666  23.09833352   77.238
2017267 121.37453671  23.09833350   77.232
2017268 121.37453669  23.09833350   77.222
2017269 121.37453666  23.09833353   77.228
2017270 121.37453663  23.09833351   77.230
2017271 121.37453666  23.09833352   77.218
2017272 121.37453661  23.09833364   77.242
2017273 121.37453664  23.09833356   77.237
2017274 121.37453664  23.09833358   77.218
2017275 121.37453667  23.09833352   77.228
2017276 121.37453670  23.09833350   77.220
2017277 121.37453666  23.09833346   77.225
2017278 121.37453660  23.09833353   77.235
2017279 121.37453663  23.09833356   77.232
2017280 121.37453662  23.09833354   77.225
2017281 121.37453666  23.09833350   77.229
2017282 121.37453666  23.09833355   77.227
2017283 121.37453666  23.09833355   77.238
2017284 121.37453663  23.09833357   77.236
2017285 121.37453661  23.09833349   77.240
2017286 121.37453668  23.09833353   77.241
2017287 121.37453675  23.09833357   77.232
2017288 121.37453673  23.09833350   77.210
2017289 121.37453666  23.09833356   77.231
2017290 121.37453664  23.09833356   77.219
2017291 121.37453663  23.09833353   77.215
2017292 121.37453670  23.09833357   77.221
2017293 121.37453665  23.09833355   77.230
2017294 121.37453665  23.09833357   77.230
2017295 121.37453666  23.09833356   77.227
2017296 121.37453663  23.09833356   77.220
2017297 121.37453664  23.09833356   77.233
2017298 121.37453665  23.09833357   77.232
2017299 121.37453663  23.09833357   77.233
2017300 121.37453663  23.09833356   77.225
2017301 121.37453663  23.09833352   77.230
2017302 121.37453662  23.09833354   77.233
2017303 121.37453659  23.09833356   77.237
2017304 121.37453661  23.09833355   77.235
