2016306 120.89004859  22.34059780   41.030
2016307 120.89004854  22.34059777   41.033
2016308 120.89004854  22.34059778   41.039
2016309 120.89004858  22.34059775   41.032
2016310 120.89004853  22.34059777   41.043
2016311 120.89004850  22.34059776   41.036
2016312 120.89004849  22.34059777   41.037
2016313 120.89004849  22.34059776   41.028
2016314 120.89004849  22.34059777   41.039
2016315 120.89004851  22.34059775   41.034
2016316 120.89004847  22.34059777   41.036
2016317 120.89004854  22.34059777   41.033
2016318 120.89004852  22.34059779   41.032
2016319 120.89004856  22.34059776   41.031
2016320 120.89004856  22.34059775   41.048
2016321 120.89004854  22.34059779   41.037
2016322 120.89004858  22.34059777   41.047
2016323 120.89004854  22.34059781   41.036
2016324 120.89004849  22.34059782   41.035
2016325 120.89004853  22.34059778   41.038
2016326 120.89004855  22.34059777   41.032
2016327 120.89004854  22.34059777   41.048
2016328 120.89004851  22.34059777   41.039
2016329 120.89004848  22.34059777   41.038
2016330 120.89004849  22.34059779   41.037
2016331 120.89004855  22.34059780   41.043
2016332 120.89004851  22.34059778   41.037
2016333 120.89004853  22.34059778   41.036
2016334 120.89004852  22.34059781   41.031
2016335 120.89004853  22.34059777   41.028
2016336 120.89004851  22.34059779   41.033
2016337 120.89004853  22.34059777   41.030
2016338 120.89004853  22.34059779   41.031
2016339 120.89004854  22.34059778   41.030
2016340 120.89004855  22.34059778   41.031
2016341 120.89004850  22.34059777   41.035
2016342 120.89004848  22.34059776   41.040
2016343 120.89004850  22.34059777   41.038
2016344 120.89004850  22.34059779   41.049
2016345 120.89004850  22.34059777   41.039
2016346 120.89004850  22.34059776   41.035
2016347 120.89004854  22.34059777   41.032
2016348 120.89004853  22.34059776   41.028
2016349 120.89004850  22.34059778   41.031
2016350 120.89004844  22.34059775   41.033
2016351 120.89004847  22.34059774   41.034
2016352 120.89004844  22.34059777   41.030
2016353 120.89004845  22.34059775   41.027
2016354 120.89004844  22.34059776   41.031
2016355 120.89004851  22.34059779   41.032
2016356 120.89004847  22.34059775   41.032
2016357 120.89004850  22.34059778   41.028
2016358 120.89004848  22.34059779   41.035
2016359 120.89004849  22.34059778   41.031
2016360 120.89004849  22.34059778   41.025
2016361 120.89004847  22.34059777   41.029
2016362 120.89004850  22.34059773   41.040
2016363 120.89004843  22.34059773   41.036
2016364 120.89004841  22.34059774   41.037
2016365 120.89004843  22.34059777   41.039
2016366 120.89004846  22.34059772   41.037
2017001 120.89004846  22.34059774   41.040
2017002 120.89004844  22.34059777   41.030
2017003 120.89004844  22.34059775   41.033
2017004 120.89004846  22.34059775   41.035
2017005 120.89004845  22.34059776   41.019
2017006 120.89004846  22.34059774   41.025
2017007 120.89004847  22.34059774   41.028
2017008 120.89004847  22.34059776   41.026
2017009 120.89004849  22.34059778   41.028
2017010 120.89004848  22.34059777   41.023
2017011 120.89004847  22.34059779   41.038
2017012 120.89004849  22.34059777   41.030
2017013 120.89004848  22.34059777   41.024
2017014 120.89004844  22.34059776   41.032
2017015 120.89004846  22.34059779   41.030
2017016 120.89004843  22.34059778   41.032
2017017 120.89004848  22.34059777   41.029
2017018 120.89004844  22.34059777   41.029
2017019 120.89004844  22.34059777   41.017
2017020 120.89004845  22.34059776   41.024
2017021 120.89004848  22.34059774   41.020
2017022 120.89004843  22.34059776   41.029
2017023 120.89004844  22.34059775   41.024
2017024 120.89004847  22.34059776   41.030
2017025 120.89004840  22.34059775   41.027
2017026 120.89004843  22.34059775   41.033
2017027 120.89004841  22.34059774   41.031
2017028 120.89004840  22.34059777   41.032
2017029 120.89004841  22.34059775   41.021
2017030 120.89004840  22.34059778   41.030
2017031 120.89004850  22.34059777   41.031
2017032 120.89004843  22.34059777   41.034
2017033 120.89004843  22.34059775   41.032
2017034 120.89004842  22.34059774   41.027
2017035 120.89004841  22.34059773   41.029
2017036 120.89004843  22.34059777   41.026
2017037 120.89004843  22.34059776   41.026
2017038 120.89004842  22.34059775   41.029
2017039 120.89004845  22.34059776   41.030
2017040 120.89004847  22.34059775   41.027
2017041 120.89004846  22.34059776   41.027
2017042 120.89004843  22.34059777   41.026
2017043 120.89004840  22.34059772   41.023
2017044 120.89004840  22.34059775   41.030
2017045 120.89004843  22.34059775   41.033
2017046 120.89004841  22.34059773   41.019
2017047 120.89004840  22.34059773   41.019
2017048 120.89004840  22.34059772   41.020
2017049 120.89004838  22.34059777   41.037
2017050 120.89004847  22.34059778   41.023
2017051 120.89004841  22.34059774   41.022
2017052 120.89004845  22.34059777   41.027
2017053 120.89004848  22.34059777   41.026
2017054 120.89004844  22.34059778   41.024
2017055 120.89004846  22.34059778   41.020
2017056 120.89004846  22.34059779   41.017
2017057 120.89004845  22.34059777   41.024
2017058 120.89004848  22.34059778   41.017
2017059 120.89004841  22.34059776   41.022
2017060 120.89004841  22.34059774   41.025
2017061 120.89004842  22.34059774   41.028
2017062 120.89004842  22.34059776   41.021
2017063 120.89004840  22.34059773   41.015
2017064 120.89004841  22.34059776   41.027
2017065 120.89004839  22.34059774   41.025
2017066 120.89004839  22.34059774   41.022
2017067 120.89004844  22.34059777   41.022
2017068 120.89004846  22.34059778   41.025
2017069 120.89004845  22.34059780   41.018
2017070 120.89004845  22.34059777   41.024
2017071 120.89004849  22.34059776   41.020
2017072 120.89004848  22.34059777   41.022
2017073 120.89004839  22.34059774   41.024
2017074 120.89004840  22.34059775   41.022
2017075 120.89004840  22.34059776   41.022
2017076 120.89004840  22.34059775   41.026
2017077 120.89004840  22.34059774   41.026
2017078 120.89004846  22.34059776   41.008
2017079 120.89004846  22.34059776   41.030
2017080 120.89004839  22.34059775   41.024
2017081 120.89004839  22.34059776   41.028
2017082 120.89004841  22.34059776   41.024
2017083 120.89004840  22.34059774   41.022
2017084 120.89004840  22.34059775   41.026
2017085 120.89004839  22.34059774   41.022
2017086 120.89004841  22.34059776   41.023
2017087 120.89004845  22.34059775   41.031
2017088 120.89004846  22.34059778   41.023
2017089 120.89004845  22.34059777   41.027
2017090 120.89004843  22.34059777   41.033
2017091 120.89004845  22.34059775   41.025
2017092 120.89004843  22.34059776   41.028
2017093 120.89004845  22.34059774   41.034
2017094 120.89004838  22.34059774   41.026
2017095 120.89004839  22.34059774   41.028
2017096 120.89004837  22.34059774   41.023
2017097 120.89004838  22.34059775   41.024
2017098 120.89004840  22.34059776   41.022
2017099 120.89004839  22.34059776   41.022
2017100 120.89004840  22.34059777   41.044
2017101 120.89004849  22.34059775   41.032
2017102 120.89004846  22.34059777   41.017
2017103 120.89004847  22.34059775   41.020
2017104 120.89004843  22.34059777   41.022
2017105 120.89004845  22.34059776   41.017
2017106 120.89004848  22.34059777   41.012
2017107 120.89004846  22.34059780   41.002
2017108 120.89004846  22.34059777   41.022
2017109 120.89004840  22.34059778   41.008
2017110 120.89004835  22.34059773   41.051
2017111 120.89004848  22.34059780   41.007
2017112 120.89004844  22.34059775   41.016
2017113 120.89004844  22.34059777   41.028
2017114 120.89004845  22.34059778   41.020
2017115 120.89004842  22.34059778   41.021
2017116 120.89004846  22.34059776   41.024
2017117 120.89004840  22.34059777   41.017
2017118 120.89004841  22.34059777   41.019
2017119 120.89004843  22.34059776   41.020
2017120 120.89004844  22.34059775   41.016
2017121 120.89004843  22.34059777   41.030
2017122 120.89004845  22.34059777   41.016
2017123 120.89004842  22.34059775   41.013
2017124 120.89004838  22.34059772   41.034
2017125 120.89004838  22.34059777   41.028
2017126 120.89004837  22.34059772   41.009
2017127 120.89004837  22.34059776   41.022
2017128 120.89004826  22.34059778   41.017
2017129 120.89004840  22.34059775   41.028
2017130 120.89004844  22.34059776   41.024
2017131 120.89004844  22.34059779   41.021
2017132 120.89004842  22.34059774   41.020
2017133 120.89004844  22.34059780   41.026
2017134 120.89004843  22.34059777   41.015
2017135 120.89004842  22.34059777   41.021
2017136 120.89004843  22.34059778   41.020
2017137 120.89004841  22.34059778   41.021
2017138 120.89004845  22.34059777   41.023
2017139 120.89004841  22.34059779   41.020
2017140 120.89004844  22.34059777   41.018
2017141 120.89004841  22.34059780   41.031
2017142 120.89004840  22.34059775   41.021
2017143 120.89004842  22.34059776   41.020
2017144 120.89004843  22.34059773   41.038
2017145 120.89004843  22.34059776   41.019
2017146 120.89004841  22.34059781   41.029
2017147 120.89004841  22.34059776   41.021
2017148 120.89004840  22.34059776   41.018
2017149 120.89004841  22.34059780   41.021
2017150 120.89004838  22.34059776   41.016
2017151 120.89004848  22.34059777   41.027
2017152 120.89004840  22.34059781   41.006
2017153 120.89004837  22.34059778   40.974
2017154 120.89004841  22.34059773   40.993
2017155 120.89004847  22.34059781   41.039
2017156 120.89004841  22.34059777   41.027
2017157 120.89004841  22.34059783   41.010
2017158 120.89004841  22.34059777   41.017
2017159 120.89004844  22.34059773   41.020
2017160 120.89004839  22.34059775   41.027
2017161 120.89004844  22.34059778   41.016
2017162 120.89004843  22.34059775   41.021
2017163 120.89004845  22.34059773   41.037
2017164 120.89004844  22.34059772   41.013
2017165 120.89004845  22.34059781   41.018
2017166 120.89004840  22.34059785   41.022
2017167 120.89004847  22.34059776   41.039
2017168 120.89004843  22.34059771   41.026
2017169 120.89004840  22.34059776   41.018
2017170 120.89004844  22.34059777   41.028
2017171 120.89004836  22.34059778   41.020
2017172 120.89004836  22.34059778   41.030
2017173 120.89004845  22.34059780   41.020
2017174 120.89004835  22.34059776   41.026
2017175 120.89004840  22.34059777   41.025
2017176 120.89004842  22.34059776   41.023
2017177 120.89004838  22.34059775   41.034
2017178 120.89004833  22.34059776   41.019
2017179 120.89004838  22.34059778   41.021
2017180 120.89004845  22.34059781   41.024
2017181 120.89004846  22.34059781   41.027
2017182 120.89004843  22.34059779   41.042
2017183 120.89004842  22.34059779   41.000
2017184 120.89004844  22.34059781   41.015
2017185 120.89004848  22.34059776   41.023
2017186 120.89004844  22.34059777   41.033
2017187 120.89004834  22.34059776   41.024
2017188 120.89004839  22.34059776   41.026
2017189 120.89004834  22.34059778   41.028
2017190 120.89004834  22.34059777   41.032
2017191 120.89004843  22.34059779   41.021
2017192 120.89004843  22.34059778   41.032
2017193 120.89004840  22.34059779   41.026
2017194 120.89004839  22.34059776   41.024
2017195 120.89004841  22.34059778   41.014
2017196 120.89004843  22.34059779   41.024
2017197 120.89004843  22.34059777   41.013
2017198 120.89004841  22.34059776   41.026
2017199 120.89004840  22.34059776   41.027
2017200 120.89004837  22.34059775   41.021
2017201 120.89004837  22.34059775   41.028
2017202 120.89004834  22.34059776   41.035
2017203 120.89004836  22.34059776   41.030
2017204 120.89004835  22.34059774   41.022
2017205 120.89004838  22.34059776   41.017
2017206 120.89004833  22.34059774   41.013
2017207 120.89004831  22.34059773   41.028
2017208 120.89004836  22.34059776   41.019
2017209 120.89004841  22.34059776   41.027
2017210 120.89004841  22.34059776   41.026
2017211 120.89004839  22.34059774   41.030
2017212 120.89004841  22.34059776   41.017
2017213 120.89004852  22.34059775   41.017
2017214 120.89004841  22.34059777   41.022
2017215 120.89004839  22.34059777   41.027
2017216 120.89004834  22.34059774   41.023
2017217 120.89004839  22.34059776   41.014
2017218 120.89004838  22.34059779   41.029
2017219 120.89004842  22.34059778   41.020
2017220 120.89004834  22.34059774   41.023
2017221 120.89004836  22.34059775   41.023
2017222 120.89004840  22.34059778   41.019
2017223 120.89004846  22.34059778   41.027
2017224 120.89004839  22.34059777   41.023
2017225 120.89004841  22.34059777   41.017
2017226 120.89004840  22.34059780   41.023
2017227 120.89004839  22.34059776   41.027
2017228 120.89004841  22.34059772   41.019
2017229 120.89004834  22.34059775   41.019
2017230 120.89004841  22.34059775   41.011
2017231 120.89004834  22.34059774   41.021
2017232 120.89004840  22.34059777   41.026
2017233 120.89004842  22.34059779   41.022
2017234 120.89004834  22.34059773   41.020
2017235 120.89004836  22.34059778   41.035
2017236 120.89004834  22.34059776   41.022
2017237 120.89004835  22.34059781   41.029
2017238 120.89004842  22.34059778   41.027
2017239 120.89004838  22.34059773   41.017
2017240 120.89004835  22.34059775   41.021
2017241 120.89004838  22.34059775   41.019
2017242 120.89004839  22.34059781   41.025
2017243 120.89004840  22.34059779   41.037
2017244 120.89004845  22.34059776   41.015
2017245 120.89004841  22.34059779   41.023
2017246 120.89004847  22.34059775   41.015
2017247 120.89004843  22.34059777   41.009
2017248 120.89004843  22.34059781   41.030
2017249 120.89004841  22.34059782   41.030
2017250 120.89004840  22.34059779   41.018
2017251 120.89004842  22.34059779   41.040
2017252 120.89004844  22.34059777   41.025
2017253 120.89004840  22.34059781   41.020
2017254 120.89004844  22.34059780   41.020
2017255 120.89004844  22.34059778   41.026
2017256 120.89004843  22.34059778   41.024
2017257 120.89004846  22.34059779   41.044
2017258 120.89004841  22.34059779   41.031
2017259 120.89004838  22.34059779   41.021
2017260 120.89004840  22.34059778   41.018
2017261 120.89004841  22.34059779   41.026
2017262 120.89004842  22.34059784   41.041
2017263 120.89004840  22.34059779   41.034
2017264 120.89004843  22.34059778   41.021
2017265 120.89004843  22.34059782   41.031
2017266 120.89004842  22.34059777   41.027
2017267 120.89004846  22.34059777   41.023
2017268 120.89004843  22.34059777   41.013
2017269 120.89004841  22.34059780   41.015
2017270 120.89004844  22.34059775   41.026
2017271 120.89004841  22.34059776   41.016
2017272 120.89004841  22.34059782   41.024
2017273 120.89004840  22.34059781   41.036
2017274 120.89004840  22.34059783   41.025
2017275 120.89004841  22.34059778   41.019
2017276 120.89004843  22.34059779   41.035
2017277 120.89004837  22.34059779   41.018
2017278 120.89004836  22.34059779   41.029
2017279 120.89004839  22.34059776   41.033
2017280 120.89004834  22.34059781   41.011
2017281 120.89004840  22.34059783   41.040
2017282 120.89004837  22.34059781   41.018
2017283 120.89004835  22.34059786   41.053
2017284 120.89004837  22.34059781   41.032
2017285 120.89004834  22.34059778   41.027
2017286 120.89004841  22.34059778   41.035
2017287 120.89004843  22.34059778   41.029
2017288 120.89004847  22.34059777   41.021
2017289 120.89004840  22.34059778   41.031
2017290 120.89004838  22.34059780   41.030
2017291 120.89004841  22.34059777   41.034
2017292 120.89004841  22.34059782   41.030
2017293 120.89004841  22.34059778   41.027
2017294 120.89004840  22.34059778   41.032
2017295 120.89004841  22.34059777   41.024
2017296 120.89004838  22.34059778   41.026
2017297 120.89004841  22.34059779   41.030
2017298 120.89004844  22.34059779   41.030
2017299 120.89004841  22.34059777   41.023
2017300 120.89004841  22.34059776   41.026
2017301 120.89004839  22.34059775   41.032
2017302 120.89004839  22.34059776   41.030
2017303 120.89004838  22.34059778   41.035
2017304 120.89004836  22.34059776   41.038
