2016314 121.93748736  25.02037308   41.529
2016315 121.93748736  25.02037311   41.525
2016316 121.93748736  25.02037307   41.523
2016317 121.93748742  25.02037304   41.524
2016318 121.93748743  25.02037303   41.516
2016319 121.93748744  25.02037304   41.517
2016320 121.93748744  25.02037304   41.519
2016321 121.93748743  25.02037306   41.529
2016322 121.93748745  25.02037303   41.515
2016323 121.93748747  25.02037296   41.510
2016324 121.93748744  25.02037301   41.497
2016325 121.93748743  25.02037308   41.528
2016326 121.93748741  25.02037310   41.512
2016327 121.93748744  25.02037309   41.535
2016328 121.93748741  25.02037306   41.524
2016329 121.93748740  25.02037307   41.523
2016330 121.93748739  25.02037302   41.519
2016331 121.93748746  25.02037305   41.517
2016332 121.93748739  25.02037311   41.525
2016333 121.93748744  25.02037308   41.529
2016334 121.93748744  25.02037308   41.520
2016335 121.93748744  25.02037308   41.513
2016336 121.93748743  25.02037307   41.517
2016337 121.93748745  25.02037306   41.515
2016338 121.93748743  25.02037308   41.522
2016339 121.93748746  25.02037308   41.514
2016340 121.93748743  25.02037310   41.509
2016341 121.93748744  25.02037312   41.520
2016342 121.93748739  25.02037308   41.528
2016343 121.93748742  25.02037306   41.517
2016344 121.93748741  25.02037306   41.527
2016345 121.93748740  25.02037311   41.520
2016346 121.93748745  25.02037305   41.511
2016347 121.93748749  25.02037304   41.510
2016348 121.93748744  25.02037306   41.519
2016349 121.93748741  25.02037309   41.517
2016350 121.93748738  25.02037305   41.523
2016351 121.93748741  25.02037304   41.528
2016352 121.93748739  25.02037302   41.515
2016353 121.93748741  25.02037295   41.493
2016354 121.93748738  25.02037301   41.499
2016355 121.93748749  25.02037298   41.498
2016356 121.93748741  25.02037298   41.510
2016357 121.93748745  25.02037306   41.518
2016358 121.93748744  25.02037309   41.529
2016359 121.93748743  25.02037307   41.528
2016360 121.93748747  25.02037303   41.500
2016361 121.93748746  25.02037303   41.508
2016362 121.93748745  25.02037305   41.511
2016363 121.93748739  25.02037303   41.532
2016364 121.93748738  25.02037304   41.522
2016365 121.93748739  25.02037304   41.525
2016366 121.93748742  25.02037300   41.517
2017001 121.93748739  25.02037298   41.494
2017002 121.93748742  25.02037304   41.524
2017003 121.93748743  25.02037304   41.515
2017004 121.93748742  25.02037301   41.514
2017005 121.93748743  25.02037305   41.506
2017006 121.93748744  25.02037306   41.518
2017007 121.93748743  25.02037306   41.513
2017008 121.93748744  25.02037304   41.520
2017009 121.93748745  25.02037307   41.521
2017010 121.93748746  25.02037307   41.515
2017011 121.93748746  25.02037306   41.524
2017012 121.93748749  25.02037307   41.524
2017013 121.93748747  25.02037309   41.518
2017014 121.93748746  25.02037305   41.520
2017015 121.93748744  25.02037309   41.522
2017016 121.93748744  25.02037308   41.523
2017017 121.93748746  25.02037303   41.512
2017018 121.93748746  25.02037306   41.523
2017019 121.93748746  25.02037305   41.519
2017020 121.93748747  25.02037306   41.515
2017021 121.93748748  25.02037303   41.521
2017022 121.93748746  25.02037306   41.519
2017023 121.93748747  25.02037305   41.516
2017024 121.93748747  25.02037305   41.522
2017025 121.93748743  25.02037304   41.519
2017026 121.93748742  25.02037301   41.520
2017027 121.93748743  25.02037302   41.522
2017028 121.93748745  25.02037297   41.501
2017029 121.93748744  25.02037302   41.517
2017030 121.93748744  25.02037304   41.520
2017031 121.93748750  25.02037307   41.522
2017032 121.93748746  25.02037305   41.520
2017033 121.93748744  25.02037302   41.523
2017034 121.93748742  25.02037299   41.515
2017035 121.93748744  25.02037298   41.507
2017036 121.93748750  25.02037306   41.516
2017037 121.93748745  25.02037303   41.521
2017038 121.93748746  25.02037304   41.522
2017039 121.93748747  25.02037306   41.520
2017040 121.93748749  25.02037305   41.518
2017041 121.93748751  25.02037304   41.525
2017042 121.93748747  25.02037306   41.521
2017043 121.93748746  25.02037300   41.515
2017044 121.93748745  25.02037303   41.521
2017045 121.93748745  25.02037303   41.516
2017046 121.93748747  25.02037298   41.505
2017047 121.93748746  25.02037301   41.511
2017048 121.93748746  25.02037301   41.517
2017049 121.93748746  25.02037302   41.520
2017050 121.93748751  25.02037303   41.507
2017051 121.93748746  25.02037303   41.511
2017052 121.93748759  25.02037297   41.506
2017053 121.93748756  25.02037306   41.516
2017054 121.93748751  25.02037307   41.519
2017055 121.93748753  25.02037308   41.522
2017056 121.93748752  25.02037309   41.503
2017057 121.93748754  25.02037308   41.516
2017058 121.93748752  25.02037306   41.512
2017059 121.93748749  25.02037305   41.514
2017060 121.93748747  25.02037303   41.521
2017061 121.93748748  25.02037304   41.520
2017062 121.93748749  25.02037302   41.516
2017063 121.93748748  25.02037300   41.509
2017064 121.93748748  25.02037303   41.515
2017065 121.93748746  25.02037303   41.517
2017066 121.93748748  25.02037303   41.519
2017067 121.93748755  25.02037306   41.522
2017068 121.93748756  25.02037303   41.516
2017069 121.93748755  25.02037307   41.518
2017070 121.93748758  25.02037304   41.504
2017071 121.93748759  25.02037303   41.504
2017072 121.93748757  25.02037306   41.508
2017073 121.93748748  25.02037303   41.525
2017074 121.93748749  25.02037303   41.521
2017075 121.93748749  25.02037304   41.523
2017076 121.93748749  25.02037301   41.518
2017077 121.93748749  25.02037302   41.516
2017078 121.93748755  25.02037306   41.513
2017079 121.93748756  25.02037304   41.521
2017080 121.93748750  25.02037301   41.521
2017081 121.93748751  25.02037300   41.517
2017082 121.93748752  25.02037304   41.523
2017083 121.93748751  25.02037301   41.522
2017084 121.93748751  25.02037304   41.521
2017085 121.93748750  25.02037301   41.521
2017086 121.93748752  25.02037299   41.517
2017087 121.93748758  25.02037293   41.495
2017088 121.93748758  25.02037303   41.514
2017089 121.93748759  25.02037301   41.521
2017090 121.93748754  25.02037306   41.521
2017091 121.93748758  25.02037303   41.518
2017092 121.93748755  25.02037303   41.520
2017093 121.93748757  25.02037296   41.512
2017094 121.93748753  25.02037298   41.508
2017095 121.93748760  25.02037296   41.511
2017096 121.93748754  25.02037296   41.518
2017097 121.93748751  25.02037302   41.521
2017098 121.93748751  25.02037302   41.513
2017099 121.93748751  25.02037300   41.509
2017100 121.93748751  25.02037301   41.521
2017101 121.93748762  25.02037308   41.527
2017102 121.93748755  25.02037305   41.532
2017103 121.93748756  25.02037305   41.524
2017104 121.93748755  25.02037306   41.513
2017105 121.93748759  25.02037304   41.512
2017106 121.93748758  25.02037301   41.505
2017107 121.93748767  25.02037306   41.525
2017108 121.93748760  25.02037304   41.511
2017109 121.93748755  25.02037301   41.511
2017110 121.93748754  25.02037301   41.512
2017111 121.93748757  25.02037307   41.528
2017112 121.93748757  25.02037305   41.522
2017113 121.93748759  25.02037307   41.523
2017114 121.93748762  25.02037302   41.513
2017115 121.93748756  25.02037304   41.526
2017116 121.93748759  25.02037307   41.519
2017117 121.93748759  25.02037304   41.528
2017118 121.93748756  25.02037306   41.531
2017119 121.93748758  25.02037305   41.521
2017120 121.93748757  25.02037300   41.506
2017129 121.93748751  25.02037301   41.519
2017130 121.93748759  25.02037301   41.495
2017131 121.93748762  25.02037299   41.519
2017132 121.93748763  25.02037302   41.519
2017133 121.93748760  25.02037308   41.525
2017134 121.93748760  25.02037303   41.520
2017135 121.93748763  25.02037306   41.524
2017136 121.93748760  25.02037306   41.524
2017137 121.93748758  25.02037309   41.528
2017138 121.93748760  25.02037304   41.511
2017139 121.93748758  25.02037303   41.511
2017140 121.93748764  25.02037303   41.516
2017141 121.93748759  25.02037307   41.538
2017142 121.93748760  25.02037307   41.522
2017143 121.93748757  25.02037304   41.518
2017144 121.93748760  25.02037304   41.513
2017145 121.93748761  25.02037306   41.520
2017146 121.93748759  25.02037308   41.534
2017147 121.93748757  25.02037304   41.518
2017148 121.93748758  25.02037302   41.528
2017149 121.93748761  25.02037305   41.523
2017150 121.93748759  25.02037303   41.519
2017151 121.93748762  25.02037300   41.508
2017152 121.93748761  25.02037302   41.519
2017153 121.93748756  25.02037309   41.504
2017154 121.93748763  25.02037305   41.516
2017155 121.93748764  25.02037309   41.531
2017156 121.93748759  25.02037303   41.528
2017157 121.93748758  25.02037308   41.500
2017158 121.93748757  25.02037304   41.522
2017159 121.93748760  25.02037303   41.516
2017160 121.93748762  25.02037300   41.522
2017161 121.93748762  25.02037296   41.521
2017162 121.93748763  25.02037300   41.542
2017163 121.93748766  25.02037298   41.520
2017164 121.93748773  25.02037299   41.520
2017165 121.93748763  25.02037305   41.517
2017166 121.93748761  25.02037308   41.524
2017167 121.93748763  25.02037304   41.519
2017168 121.93748764  25.02037304   41.512
2017169 121.93748764  25.02037301   41.527
2017170 121.93748766  25.02037306   41.528
2017171 121.93748756  25.02037300   41.523
2017172 121.93748760  25.02037298   41.537
2017173 121.93748761  25.02037303   41.524
2017174 121.93748764  25.02037297   41.545
2017175 121.93748755  25.02037303   41.535
2017176 121.93748759  25.02037300   41.514
2017177 121.93748759  25.02037299   41.527
2017178 121.93748748  25.02037304   41.514
2017179 121.93748761  25.02037300   41.535
2017180 121.93748766  25.02037302   41.514
2017181 121.93748766  25.02037301   41.528
2017182 121.93748769  25.02037295   41.518
2017183 121.93748763  25.02037303   41.497
2017184 121.93748773  25.02037299   41.512
2017185 121.93748772  25.02037293   41.511
2017186 121.93748767  25.02037295   41.516
2017187 121.93748757  25.02037296   41.497
2017188 121.93748759  25.02037296   41.520
2017189 121.93748762  25.02037296   41.520
2017190 121.93748764  25.02037293   41.523
2017191 121.93748766  25.02037300   41.528
2017192 121.93748767  25.02037299   41.539
2017193 121.93748763  25.02037301   41.542
2017194 121.93748764  25.02037295   41.509
2017195 121.93748766  25.02037293   41.487
2017196 121.93748771  25.02037294   41.503
2017197 121.93748769  25.02037294   41.496
2017198 121.93748770  25.02037290   41.510
2017199 121.93748766  25.02037295   41.521
2017200 121.93748764  25.02037294   41.523
2017201 121.93748766  25.02037291   41.519
2017202 121.93748766  25.02037286   41.490
2017203 121.93748767  25.02037285   41.481
2017204 121.93748767  25.02037294   41.509
2017205 121.93748762  25.02037296   41.525
2017206 121.93748762  25.02037296   41.524
2017207 121.93748759  25.02037296   41.536
2017208 121.93748760  25.02037294   41.521
2017209 121.93748768  25.02037296   41.506
2017210 121.93748768  25.02037305   41.517
2017211 121.93748767  25.02037310   41.516
2017212 121.93748772  25.02037297   41.515
2017213 121.93748770  25.02037300   41.516
2017214 121.93748773  25.02037302   41.525
2017215 121.93748764  25.02037296   41.522
2017216 121.93748761  25.02037297   41.524
2017217 121.93748764  25.02037296   41.515
2017218 121.93748764  25.02037295   41.531
2017219 121.93748765  25.02037297   41.532
2017220 121.93748763  25.02037295   41.531
2017221 121.93748765  25.02037294   41.525
2017222 121.93748763  25.02037297   41.533
2017223 121.93748771  25.02037294   41.515
2017224 121.93748763  25.02037299   41.518
2017225 121.93748773  25.02037299   41.526
2017226 121.93748769  25.02037301   41.540
2017227 121.93748768  25.02037292   41.539
2017228 121.93748771  25.02037294   41.517
2017229 121.93748765  25.02037293   41.541
2017230 121.93748768  25.02037290   41.514
2017231 121.93748758  25.02037293   41.516
2017232 121.93748766  25.02037300   41.520
2017233 121.93748771  25.02037296   41.509
2017234 121.93748761  25.02037294   41.506
2017235 121.93748760  25.02037288   41.503
2017236 121.93748763  25.02037292   41.517
2017237 121.93748765  25.02037284   41.492
2017238 121.93748767  25.02037287   41.500
2017239 121.93748766  25.02037292   41.512
2017240 121.93748763  25.02037291   41.522
2017241 121.93748763  25.02037288   41.515
2017242 121.93748770  25.02037296   41.505
2017249 121.93748775  25.02037289   41.485
2017250 121.93748772  25.02037298   41.513
2017251 121.93748769  25.02037295   41.537
2017252 121.93748773  25.02037299   41.532
2017253 121.93748767  25.02037301   41.521
2017254 121.93748769  25.02037296   41.516
2017255 121.93748769  25.02037296   41.517
2017256 121.93748767  25.02037295   41.526
2017257 121.93748765  25.02037293   41.511
2017258 121.93748766  25.02037294   41.539
2017259 121.93748768  25.02037294   41.524
2017260 121.93748764  25.02037298   41.512
2017261 121.93748767  25.02037295   41.523
2017262 121.93748771  25.02037284   41.482
2017263 121.93748766  25.02037295   41.523
2017264 121.93748770  25.02037297   41.518
2017265 121.93748765  25.02037297   41.512
2017266 121.93748774  25.02037287   41.498
2017267 121.93748769  25.02037296   41.521
2017268 121.93748773  25.02037292   41.521
2017269 121.93748770  25.02037295   41.526
2017270 121.93748774  25.02037293   41.518
2017271 121.93748774  25.02037292   41.512
2017272 121.93748771  25.02037300   41.518
2017273 121.93748771  25.02037287   41.500
2017274 121.93748774  25.02037292   41.486
2017275 121.93748772  25.02037295   41.516
2017276 121.93748771  25.02037294   41.518
2017277 121.93748767  25.02037292   41.526
2017278 121.93748772  25.02037296   41.533
2017279 121.93748774  25.02037290   41.528
2017280 121.93748770  25.02037292   41.516
2017281 121.93748770  25.02037290   41.510
2017282 121.93748772  25.02037288   41.489
2017283 121.93748775  25.02037292   41.497
2017284 121.93748768  25.02037295   41.499
2017285 121.93748768  25.02037296   41.537
2017286 121.93748770  25.02037295   41.532
2017287 121.93748769  25.02037298   41.518
2017288 121.93748774  25.02037289   41.504
2017289 121.93748770  25.02037289   41.532
2017290 121.93748768  25.02037292   41.526
2017291 121.93748771  25.02037292   41.527
2017292 121.93748772  25.02037295   41.524
2017293 121.93748773  25.02037291   41.522
2017294 121.93748773  25.02037294   41.522
2017295 121.93748772  25.02037294   41.528
2017296 121.93748773  25.02037297   41.531
2017297 121.93748770  25.02037299   41.530
2017298 121.93748776  25.02037294   41.533
2017299 121.93748773  25.02037294   41.536
2017300 121.93748772  25.02037294   41.527
2017301 121.93748768  25.02037292   41.521
2017302 121.93748769  25.02037292   41.525
2017303 121.93748767  25.02037293   41.529
2017304 121.93748775  25.02037290   41.531
