2016316 121.19216635  22.79075348   31.265
2016317 121.19216643  22.79075347   31.263
2016318 121.19216641  22.79075349   31.259
2016319 121.19216644  22.79075345   31.254
2016320 121.19216641  22.79075344   31.259
2016321 121.19216639  22.79075349   31.264
2016322 121.19216643  22.79075347   31.265
2016323 121.19216641  22.79075350   31.269
2016324 121.19216637  22.79075351   31.263
2016325 121.19216643  22.79075349   31.271
2016326 121.19216642  22.79075349   31.258
2016327 121.19216641  22.79075348   31.267
2016328 121.19216639  22.79075349   31.264
2016329 121.19216637  22.79075349   31.265
2016330 121.19216637  22.79075350   31.254
2016331 121.19216641  22.79075352   31.264
2016332 121.19216638  22.79075350   31.259
2016333 121.19216640  22.79075352   31.265
2016334 121.19216640  22.79075352   31.256
2016335 121.19216641  22.79075349   31.269
2016336 121.19216638  22.79075349   31.257
2016337 121.19216641  22.79075348   31.249
2016338 121.19216641  22.79075350   31.257
2016339 121.19216641  22.79075349   31.247
2016340 121.19216642  22.79075350   31.255
2016341 121.19216639  22.79075350   31.262
2016342 121.19216636  22.79075347   31.268
2016343 121.19216637  22.79075349   31.260
2016344 121.19216634  22.79075349   31.263
2016345 121.19216636  22.79075349   31.258
2016346 121.19216638  22.79075349   31.258
2016347 121.19216641  22.79075349   31.250
2016348 121.19216641  22.79075349   31.256
2016349 121.19216637  22.79075350   31.261
2016350 121.19216633  22.79075349   31.263
2016351 121.19216634  22.79075347   31.264
2016352 121.19216632  22.79075349   31.258
2016353 121.19216633  22.79075347   31.261
2016354 121.19216634  22.79075347   31.255
2016355 121.19216639  22.79075352   31.261
2016356 121.19216635  22.79075348   31.263
2016357 121.19216638  22.79075349   31.254
2016358 121.19216635  22.79075351   31.263
2016359 121.19216637  22.79075352   31.265
2016360 121.19216637  22.79075351   31.249
2016361 121.19216635  22.79075350   31.256
2016362 121.19216637  22.79075347   31.265
2016363 121.19216631  22.79075346   31.265
2016364 121.19216630  22.79075348   31.263
2016365 121.19216631  22.79075352   31.267
2016366 121.19216632  22.79075347   31.261
2017001 121.19216632  22.79075350   31.261
2017002 121.19216632  22.79075349   31.261
2017003 121.19216633  22.79075348   31.259
2017004 121.19216633  22.79075350   31.261
2017005 121.19216633  22.79075350   31.249
2017006 121.19216634  22.79075349   31.258
2017007 121.19216633  22.79075347   31.256
2017008 121.19216633  22.79075349   31.260
2017009 121.19216633  22.79075351   31.255
2017010 121.19216635  22.79075352   31.251
2017011 121.19216634  22.79075353   31.268
2017012 121.19216637  22.79075352   31.260
2017013 121.19216635  22.79075352   31.263
2017014 121.19216634  22.79075351   31.268
2017015 121.19216634  22.79075354   31.268
2017016 121.19216630  22.79075352   31.260
2017017 121.19216634  22.79075352   31.264
2017018 121.19216631  22.79075353   31.260
2017019 121.19216632  22.79075352   31.253
2017020 121.19216636  22.79075352   31.250
2017021 121.19216636  22.79075351   31.256
2017022 121.19216633  22.79075352   31.260
2017023 121.19216632  22.79075350   31.258
2017024 121.19216636  22.79075352   31.264
2017025 121.19216628  22.79075351   31.260
2017026 121.19216628  22.79075350   31.264
2017027 121.19216627  22.79075349   31.263
2017028 121.19216628  22.79075352   31.264
2017029 121.19216629  22.79075352   31.258
2017030 121.19216627  22.79075353   31.257
2017031 121.19216639  22.79075353   31.260
2017032 121.19216631  22.79075352   31.258
2017033 121.19216630  22.79075351   31.260
2017034 121.19216629  22.79075350   31.259
2017035 121.19216629  22.79075350   31.264
2017036 121.19216632  22.79075354   31.262
2017037 121.19216630  22.79075352   31.259
2017038 121.19216629  22.79075352   31.265
2017039 121.19216632  22.79075353   31.263
2017040 121.19216635  22.79075352   31.263
2017041 121.19216635  22.79075353   31.264
2017042 121.19216633  22.79075355   31.261
2017043 121.19216628  22.79075351   31.260
2017044 121.19216627  22.79075352   31.263
2017045 121.19216629  22.79075353   31.263
2017046 121.19216628  22.79075351   31.255
2017047 121.19216628  22.79075351   31.255
2017048 121.19216629  22.79075350   31.256
2017049 121.19216627  22.79075351   31.264
2017050 121.19216634  22.79075354   31.251
2017051 121.19216628  22.79075352   31.252
2017052 121.19216634  22.79075353   31.260
2017053 121.19216638  22.79075355   31.247
2017054 121.19216634  22.79075358   31.258
2017055 121.19216634  22.79075355   31.263
2017056 121.19216633  22.79075356   31.258
2017057 121.19216634  22.79075354   31.259
2017058 121.19216636  22.79075356   31.251
2017059 121.19216631  22.79075355   31.261
2017060 121.19216629  22.79075351   31.258
2017061 121.19216628  22.79075353   31.254
2017062 121.19216631  22.79075355   31.258
2017063 121.19216630  22.79075352   31.258
2017064 121.19216630  22.79075353   31.258
2017065 121.19216626  22.79075352   31.262
2017066 121.19216627  22.79075353   31.259
2017067 121.19216633  22.79075356   31.258
2017068 121.19216633  22.79075358   31.262
2017069 121.19216631  22.79075359   31.272
2017070 121.19216634  22.79075356   31.267
2017071 121.19216637  22.79075355   31.261
2017072 121.19216639  22.79075358   31.249
2017073 121.19216632  22.79075354   31.271
2017074 121.19216629  22.79075356   31.260
2017075 121.19216630  22.79075355   31.261
2017076 121.19216629  22.79075354   31.265
2017077 121.19216627  22.79075355   31.257
2017078 121.19216632  22.79075356   31.254
2017079 121.19216632  22.79075357   31.259
2017080 121.19216627  22.79075353   31.259
2017081 121.19216628  22.79075354   31.260
2017082 121.19216629  22.79075354   31.268
2017083 121.19216628  22.79075355   31.256
2017084 121.19216628  22.79075354   31.253
2017085 121.19216628  22.79075355   31.257
2017086 121.19216627  22.79075356   31.262
2017087 121.19216632  22.79075355   31.271
2017088 121.19216633  22.79075359   31.262
2017089 121.19216635  22.79075357   31.256
2017090 121.19216637  22.79075358   31.248
2017091 121.19216632  22.79075355   31.260
2017092 121.19216632  22.79075358   31.256
2017093 121.19216631  22.79075355   31.263
2017094 121.19216626  22.79075355   31.258
2017095 121.19216624  22.79075354   31.263
2017096 121.19216625  22.79075355   31.264
2017097 121.19216627  22.79075356   31.259
2017098 121.19216624  22.79075356   31.260
2017099 121.19216626  22.79075354   31.251
2017100 121.19216630  22.79075352   31.266
2017101 121.19216637  22.79075358   31.270
2017102 121.19216634  22.79075356   31.263
2017103 121.19216635  22.79075357   31.256
2017104 121.19216630  22.79075361   31.255
2017105 121.19216633  22.79075356   31.253
2017106 121.19216636  22.79075356   31.250
2017107 121.19216636  22.79075359   31.251
2017108 121.19216634  22.79075355   31.247
2017109 121.19216629  22.79075359   31.243
2017110 121.19216627  22.79075352   31.237
2017111 121.19216628  22.79075358   31.278
2017112 121.19216628  22.79075355   31.258
2017113 121.19216632  22.79075360   31.258
2017114 121.19216632  22.79075359   31.255
2017115 121.19216631  22.79075359   31.256
2017116 121.19216631  22.79075357   31.256
2017117 121.19216629  22.79075358   31.255
2017118 121.19216628  22.79075359   31.253
2017119 121.19216630  22.79075359   31.258
2017120 121.19216631  22.79075357   31.254
2017121 121.19216629  22.79075359   31.267
2017122 121.19216631  22.79075356   31.249
2017123 121.19216628  22.79075355   31.258
2017124 121.19216624  22.79075357   31.263
2017125 121.19216621  22.79075356   31.238
2017126 121.19216625  22.79075356   31.262
2017127 121.19216622  22.79075357   31.259
2017128 121.19216614  22.79075355   31.251
2017129 121.19216625  22.79075353   31.261
2017130 121.19216629  22.79075357   31.252
2017131 121.19216629  22.79075358   31.275
2017132 121.19216629  22.79075360   31.250
2017133 121.19216629  22.79075359   31.249
2017134 121.19216628  22.79075361   31.256
2017135 121.19216630  22.79075357   31.264
2017136 121.19216630  22.79075360   31.256
2017137 121.19216627  22.79075361   31.261
2017138 121.19216631  22.79075359   31.265
2017139 121.19216626  22.79075361   31.259
2017140 121.19216632  22.79075361   31.254
2017141 121.19216630  22.79075362   31.274
2017142 121.19216628  22.79075360   31.248
2017143 121.19216627  22.79075362   31.261
2017144 121.19216633  22.79075356   31.260
2017145 121.19216631  22.79075360   31.263
2017146 121.19216625  22.79075366   31.265
2017147 121.19216627  22.79075361   31.256
2017148 121.19216624  22.79075359   31.264
2017149 121.19216629  22.79075363   31.256
2017150 121.19216623  22.79075363   31.253
2017151 121.19216633  22.79075361   31.260
2017152 121.19216630  22.79075357   31.277
2017153 121.19216627  22.79075362   31.251
2017154 121.19216630  22.79075364   31.250
2017155 121.19216631  22.79075365   31.258
2017156 121.19216625  22.79075361   31.262
2017157 121.19216626  22.79075364   31.243
2017158 121.19216628  22.79075354   31.256
2017159 121.19216626  22.79075359   31.259
2017160 121.19216622  22.79075363   31.252
2017161 121.19216629  22.79075359   31.260
2017162 121.19216632  22.79075357   31.254
2017163 121.19216630  22.79075356   31.252
2017164 121.19216632  22.79075355   31.262
2017165 121.19216628  22.79075360   31.262
2017166 121.19216628  22.79075361   31.263
2017167 121.19216630  22.79075358   31.254
2017168 121.19216628  22.79075360   31.257
2017169 121.19216628  22.79075358   31.259
2017170 121.19216632  22.79075358   31.262
2017172 121.19216620  22.79075360   31.254
2017173 121.19216628  22.79075361   31.251
2017174 121.19216621  22.79075357   31.258
2017175 121.19216622  22.79075356   31.255
2017176 121.19216622  22.79075359   31.242
2017177 121.19216621  22.79075356   31.254
2017178 121.19216619  22.79075356   31.260
2017179 121.19216621  22.79075360   31.262
2017180 121.19216626  22.79075361   31.258
2017181 121.19216631  22.79075362   31.258
2017182 121.19216627  22.79075360   31.251
2017183 121.19216637  22.79075359   31.236
2017184 121.19216634  22.79075363   31.237
2017185 121.19216629  22.79075358   31.245
2017186 121.19216626  22.79075361   31.249
2017187 121.19216618  22.79075359   31.250
2017188 121.19216622  22.79075359   31.258
2017189 121.19216620  22.79075361   31.257
2017190 121.19216616  22.79075357   31.254
2017191 121.19216629  22.79075361   31.259
2017192 121.19216626  22.79075361   31.261
2017193 121.19216623  22.79075360   31.254
2017194 121.19216623  22.79075360   31.251
2017195 121.19216624  22.79075358   31.250
2017196 121.19216623  22.79075365   31.255
2017197 121.19216626  22.79075361   31.258
2017198 121.19216625  22.79075361   31.261
2017199 121.19216625  22.79075359   31.257
2017200 121.19216621  22.79075358   31.255
2017201 121.19216621  22.79075358   31.254
2017202 121.19216617  22.79075359   31.256
2017203 121.19216619  22.79075360   31.261
2017204 121.19216621  22.79075360   31.255
2017205 121.19216620  22.79075361   31.254
2017206 121.19216620  22.79075357   31.255
2017207 121.19216616  22.79075359   31.261
2017208 121.19216620  22.79075358   31.253
2017209 121.19216626  22.79075360   31.268
2017210 121.19216626  22.79075360   31.264
2017211 121.19216631  22.79075360   31.253
2017212 121.19216625  22.79075364   31.275
2017213 121.19216629  22.79075362   31.252
2017214 121.19216629  22.79075363   31.242
2017215 121.19216622  22.79075361   31.256
2017216 121.19216619  22.79075360   31.255
2017217 121.19216620  22.79075359   31.252
2017218 121.19216621  22.79075362   31.259
2017219 121.19216623  22.79075360   31.256
2017220 121.19216618  22.79075360   31.260
2017221 121.19216619  22.79075359   31.257
2017222 121.19216619  22.79075361   31.259
2017223 121.19216628  22.79075364   31.264
2017229 121.19216614  22.79075359   31.253
2017230 121.19216622  22.79075359   31.250
2017231 121.19216614  22.79075360   31.255
2017232 121.19216616  22.79075362   31.267
2017233 121.19216624  22.79075359   31.267
2017234 121.19216622  22.79075365   31.287
2017235 121.19216618  22.79075366   31.270
2017236 121.19216615  22.79075362   31.259
2017237 121.19216616  22.79075364   31.265
2017238 121.19216619  22.79075362   31.259
2017239 121.19216619  22.79075360   31.251
2017240 121.19216616  22.79075361   31.248
2017241 121.19216618  22.79075361   31.256
2017242 121.19216620  22.79075365   31.261
2017243 121.19216621  22.79075364   31.248
2017244 121.19216623  22.79075363   31.264
2017245 121.19216623  22.79075366   31.257
2017246 121.19216628  22.79075364   31.264
2017247 121.19216624  22.79075363   31.253
2017248 121.19216627  22.79075366   31.253
2017261 121.19216620  22.79075366   31.252
2017262 121.19216620  22.79075369   31.261
2017263 121.19216619  22.79075365   31.263
2017264 121.19216620  22.79075366   31.250
2017265 121.19216619  22.79075367   31.261
2017266 121.19216619  22.79075366   31.253
2017267 121.19216625  22.79075362   31.253
2017268 121.19216623  22.79075364   31.247
2017269 121.19216620  22.79075367   31.261
2017270 121.19216621  22.79075364   31.255
2017271 121.19216613  22.79075360   31.265
2017272 121.19216615  22.79075370   31.267
2017273 121.19216619  22.79075367   31.269
2017274 121.19216617  22.79075371   31.249
2017275 121.19216621  22.79075366   31.248
2017276 121.19216620  22.79075362   31.243
2017277 121.19216621  22.79075364   31.252
2017293 121.19216619  22.79075368   31.251
2017294 121.19216617  22.79075369   31.259
2017295 121.19216619  22.79075368   31.256
2017296 121.19216615  22.79075368   31.253
2017297 121.19216616  22.79075368   31.257
2017298 121.19216619  22.79075369   31.259
2017299 121.19216618  22.79075368   31.257
2017300 121.19216616  22.79075367   31.255
2017301 121.19216616  22.79075365   31.256
2017302 121.19216613  22.79075366   31.259
2017303 121.19216613  22.79075367   31.259
2017304 121.19216612  22.79075366   31.263
