2016306 121.50816668  24.98199820   53.452
2016307 121.50816668  24.98199817   53.455
2016308 121.50816666  24.98199820   53.465
2016309 121.50816672  24.98199818   53.451
2016312 121.50816664  24.98199817   53.452
2016313 121.50816665  24.98199818   53.453
2016314 121.50816665  24.98199820   53.457
2016315 121.50816665  24.98199821   53.459
2016316 121.50816664  24.98199819   53.461
2016317 121.50816669  24.98199818   53.456
2016318 121.50816668  24.98199819   53.450
2016319 121.50816670  24.98199817   53.448
2016320 121.50816669  24.98199816   53.455
2016321 121.50816668  24.98199818   53.460
2016322 121.50816673  24.98199818   53.462
2016323 121.50816670  24.98199819   53.457
2016324 121.50816667  24.98199821   53.458
2016325 121.50816671  24.98199819   53.449
2016326 121.50816667  24.98199821   53.450
2016327 121.50816669  24.98199821   53.459
2016328 121.50816668  24.98199818   53.458
2016329 121.50816665  24.98199820   53.450
2016330 121.50816664  24.98199820   53.455
2016331 121.50816672  24.98199820   53.454
2016332 121.50816668  24.98199821   53.461
2016333 121.50816671  24.98199822   53.457
2016334 121.50816671  24.98199821   53.455
2016335 121.50816670  24.98199819   53.452
2016336 121.50816671  24.98199819   53.451
2016337 121.50816672  24.98199819   53.446
2016338 121.50816671  24.98199820   53.453
2016339 121.50816672  24.98199820   53.447
2016340 121.50816671  24.98199822   53.447
2016341 121.50816669  24.98199823   53.459
2016342 121.50816666  24.98199819   53.462
2016343 121.50816669  24.98199817   53.453
2016344 121.50816666  24.98199817   53.466
2016345 121.50816667  24.98199819   53.449
2016346 121.50816671  24.98199820   53.457
2016347 121.50816675  24.98199817   53.447
2016348 121.50816671  24.98199819   53.448
2016349 121.50816671  24.98199821   53.450
2016350 121.50816667  24.98199817   53.455
2016351 121.50816669  24.98199817   53.451
2016352 121.50816666  24.98199819   53.457
2016353 121.50816666  24.98199816   53.448
2016354 121.50816666  24.98199815   53.449
2016355 121.50816671  24.98199818   53.439
2016356 121.50816666  24.98199816   53.454
2016357 121.50816672  24.98199819   53.451
2016358 121.50816672  24.98199823   53.455
2016359 121.50816670  24.98199821   53.462
2016360 121.50816672  24.98199820   53.447
2016361 121.50816672  24.98199818   53.452
2016362 121.50816672  24.98199817   53.458
2016363 121.50816666  24.98199816   53.460
2016364 121.50816665  24.98199816   53.456
2016365 121.50816665  24.98199818   53.454
2016366 121.50816665  24.98199815   53.455
2017001 121.50816666  24.98199819   53.455
2017002 121.50816668  24.98199817   53.454
2017003 121.50816669  24.98199816   53.452
2017004 121.50816669  24.98199817   53.454
2017005 121.50816669  24.98199818   53.445
2017006 121.50816669  24.98199816   53.449
2017007 121.50816670  24.98199818   53.445
2017008 121.50816669  24.98199818   53.455
2017009 121.50816671  24.98199819   53.456
2017010 121.50816673  24.98199821   53.449
2017011 121.50816673  24.98199819   53.458
2017012 121.50816676  24.98199819   53.460
2017013 121.50816674  24.98199821   53.448
2017014 121.50816674  24.98199818   53.451
2017015 121.50816673  24.98199822   53.457
2017020 121.50816675  24.98199819   53.448
2017021 121.50816675  24.98199816   53.452
2017022 121.50816671  24.98199819   53.453
2017023 121.50816673  24.98199819   53.454
2017024 121.50816674  24.98199819   53.456
2017025 121.50816670  24.98199816   53.451
2017026 121.50816669  24.98199815   53.455
2017027 121.50816670  24.98199814   53.458
2017028 121.50816668  24.98199817   53.456
2017029 121.50816670  24.98199816   53.452
2017030 121.50816671  24.98199816   53.448
2017031 121.50816678  24.98199819   53.459
2017032 121.50816673  24.98199817   53.454
2017033 121.50816671  24.98199815   53.460
2017034 121.50816672  24.98199815   53.458
2017035 121.50816672  24.98199814   53.458
2017036 121.50816676  24.98199818   53.456
2017037 121.50816671  24.98199816   53.458
2017038 121.50816670  24.98199816   53.458
2017039 121.50816676  24.98199817   53.449
2017040 121.50816678  24.98199817   53.452
2017041 121.50816678  24.98199818   53.458
2017042 121.50816674  24.98199820   53.459
2017043 121.50816673  24.98199814   53.454
2017044 121.50816671  24.98199817   53.458
2017045 121.50816671  24.98199817   53.454
2017046 121.50816673  24.98199815   53.453
2017047 121.50816673  24.98199815   53.452
2017048 121.50816672  24.98199814   53.450
2017049 121.50816670  24.98199815   53.455
2017050 121.50816678  24.98199817   53.454
2017051 121.50816673  24.98199815   53.449
2017052 121.50816681  24.98199817   53.451
2017053 121.50816681  24.98199817   53.447
2017054 121.50816676  24.98199821   53.452
2017055 121.50816680  24.98199821   53.450
2017056 121.50816679  24.98199822   53.431
2017057 121.50816680  24.98199821   53.450
2017058 121.50816680  24.98199820   53.448
2017059 121.50816677  24.98199818   53.449
2017060 121.50816674  24.98199816   53.456
2017061 121.50816674  24.98199817   53.455
2017062 121.50816677  24.98199818   53.452
2017063 121.50816676  24.98199814   53.449
2017064 121.50816674  24.98199816   53.452
2017065 121.50816674  24.98199817   53.452
2017066 121.50816674  24.98199816   53.448
2017067 121.50816681  24.98199820   53.454
2017068 121.50816681  24.98199821   53.457
2017069 121.50816682  24.98199819   53.452
2017070 121.50816681  24.98199820   53.450
2017071 121.50816684  24.98199819   53.447
2017072 121.50816685  24.98199819   53.438
2017073 121.50816675  24.98199816   53.459
2017074 121.50816676  24.98199817   53.453
2017075 121.50816676  24.98199817   53.447
2017076 121.50816676  24.98199815   53.454
2017077 121.50816676  24.98199815   53.451
2017078 121.50816682  24.98199819   53.446
2017079 121.50816683  24.98199816   53.454
2017080 121.50816676  24.98199814   53.449
2017081 121.50816677  24.98199814   53.450
2017082 121.50816677  24.98199816   53.453
2017083 121.50816677  24.98199813   53.446
2017084 121.50816678  24.98199815   53.446
2017085 121.50816677  24.98199814   53.453
2017086 121.50816675  24.98199817   53.461
2017087 121.50816684  24.98199815   53.450
2017088 121.50816683  24.98199816   53.451
2017089 121.50816685  24.98199815   53.456
2017090 121.50816681  24.98199818   53.444
2017091 121.50816685  24.98199815   53.448
2017092 121.50816681  24.98199816   53.457
2017093 121.50816682  24.98199815   53.459
2017094 121.50816679  24.98199813   53.454
2017095 121.50816684  24.98199812   53.460
2017096 121.50816679  24.98199812   53.457
2017097 121.50816678  24.98199814   53.448
2017098 121.50816678  24.98199815   53.453
2017099 121.50816677  24.98199814   53.443
2017100 121.50816678  24.98199812   53.452
2017101 121.50816685  24.98199819   53.452
2017102 121.50816681  24.98199819   53.449
2017103 121.50816685  24.98199817   53.453
2017104 121.50816683  24.98199819   53.454
2017105 121.50816686  24.98199816   53.451
2017106 121.50816684  24.98199818   53.443
2017107 121.50816691  24.98199819   53.456
2017108 121.50816686  24.98199816   53.437
2017109 121.50816683  24.98199817   53.442
2017110 121.50816679  24.98199812   53.449
2017111 121.50816686  24.98199817   53.449
2017112 121.50816682  24.98199817   53.451
2017113 121.50816686  24.98199818   53.457
2017114 121.50816688  24.98199816   53.453
2017115 121.50816683  24.98199817   53.454
2017116 121.50816686  24.98199816   53.446
2017117 121.50816685  24.98199815   53.455
2017118 121.50816683  24.98199818   53.464
2017119 121.50816686  24.98199819   53.453
2017120 121.50816683  24.98199816   53.452
2017121 121.50816682  24.98199819   53.461
2017122 121.50816684  24.98199815   53.452
2017123 121.50816678  24.98199812   53.453
2017124 121.50816679  24.98199812   53.453
2017125 121.50816676  24.98199813   53.453
2017126 121.50816677  24.98199815   53.448
2017127 121.50816679  24.98199815   53.454
2017128 121.50816668  24.98199814   53.460
2017129 121.50816677  24.98199812   53.443
2017130 121.50816681  24.98199818   53.452
2017131 121.50816684  24.98199816   53.449
2017132 121.50816687  24.98199810   53.459
2017133 121.50816685  24.98199819   53.454
2017134 121.50816684  24.98199815   53.450
2017135 121.50816687  24.98199817   53.455
2017136 121.50816683  24.98199819   53.447
2017137 121.50816683  24.98199820   53.466
2017138 121.50816683  24.98199817   53.451
2017139 121.50816683  24.98199819   53.447
2017140 121.50816689  24.98199816   53.452
2017141 121.50816684  24.98199818   53.463
2017142 121.50816686  24.98199817   53.451
2017143 121.50816682  24.98199815   53.443
2017144 121.50816686  24.98199815   53.445
2017145 121.50816687  24.98199816   53.455
2017146 121.50816683  24.98199820   53.466
2017147 121.50816684  24.98199817   53.448
2017148 121.50816683  24.98199814   53.461
2017149 121.50816687  24.98199817   53.449
2017150 121.50816684  24.98199820   53.441
2017151 121.50816688  24.98199816   53.438
2017152 121.50816686  24.98199813   53.450
2017153 121.50816681  24.98199820   53.435
2017154 121.50816687  24.98199817   53.455
2017155 121.50816689  24.98199820   53.457
2017156 121.50816686  24.98199814   53.457
2017157 121.50816688  24.98199819   53.445
2017158 121.50816682  24.98199813   53.441
2017159 121.50816684  24.98199813   53.449
2017160 121.50816683  24.98199814   53.459
2017161 121.50816683  24.98199811   53.445
2017162 121.50816693  24.98199815   53.454
2017163 121.50816689  24.98199811   53.437
2017164 121.50816697  24.98199812   53.436
2017165 121.50816687  24.98199816   53.442
2017166 121.50816688  24.98199820   53.447
2017167 121.50816690  24.98199816   53.444
2017168 121.50816691  24.98199816   53.440
2017169 121.50816688  24.98199814   53.448
2017170 121.50816691  24.98199817   53.454
2017171 121.50816680  24.98199811   53.441
2017172 121.50816681  24.98199814   53.452
2017173 121.50816684  24.98199813   53.449
2017174 121.50816674  24.98199814   53.453
2017175 121.50816677  24.98199814   53.457
2017176 121.50816681  24.98199813   53.432
2017177 121.50816684  24.98199808   53.445
2017178 121.50816682  24.98199811   53.447
2017179 121.50816678  24.98199812   53.464
2017180 121.50816689  24.98199815   53.453
2017181 121.50816690  24.98199816   53.453
2017182 121.50816693  24.98199814   53.454
2017183 121.50816686  24.98199814   53.447
2017184 121.50816696  24.98199815   53.447
2017185 121.50816694  24.98199810   53.450
2017186 121.50816689  24.98199814   53.451
2017187 121.50816679  24.98199812   53.448
2017188 121.50816686  24.98199812   53.458
2017189 121.50816681  24.98199811   53.453
2017190 121.50816685  24.98199810   53.456
2017191 121.50816694  24.98199814   53.456
2017192 121.50816689  24.98199814   53.494
2017193 121.50816688  24.98199816   53.472
2017194 121.50816686  24.98199811   53.446
2017195 121.50816692  24.98199813   53.442
2017196 121.50816690  24.98199814   53.448
2017197 121.50816692  24.98199810   53.447
2017198 121.50816691  24.98199810   53.459
2017199 121.50816688  24.98199809   53.461
2017200 121.50816685  24.98199810   53.452
2017201 121.50816685  24.98199808   53.456
2017202 121.50816684  24.98199809   53.453
2017203 121.50816689  24.98199815   53.453
2017204 121.50816688  24.98199811   53.434
2017205 121.50816686  24.98199809   53.465
2017206 121.50816684  24.98199808   53.448
2017207 121.50816684  24.98199811   53.462
2017208 121.50816682  24.98199810   53.455
2017209 121.50816686  24.98199812   53.453
2017210 121.50816694  24.98199809   53.451
2017211 121.50816697  24.98199809   53.447
2017212 121.50816694  24.98199815   53.457
2017213 121.50816693  24.98199813   53.452
2017214 121.50816693  24.98199816   53.460
2017215 121.50816687  24.98199812   53.451
2017216 121.50816688  24.98199810   53.456
2017217 121.50816686  24.98199809   53.443
2017218 121.50816681  24.98199806   53.461
2017219 121.50816685  24.98199810   53.457
2017220 121.50816685  24.98199809   53.450
2017221 121.50816687  24.98199807   53.445
2017222 121.50816684  24.98199810   53.460
2017223 121.50816690  24.98199810   53.442
2017224 121.50816684  24.98199813   53.449
2017225 121.50816684  24.98199817   53.455
2017226 121.50816693  24.98199816   53.462
2017227 121.50816693  24.98199808   53.437
2017228 121.50816688  24.98199809   53.462
2017229 121.50816687  24.98199810   53.463
2017230 121.50816691  24.98199809   53.439
2017231 121.50816684  24.98199808   53.452
2017232 121.50816693  24.98199815   53.452
2017233 121.50816691  24.98199812   53.444
2017234 121.50816684  24.98199812   53.442
2017235 121.50816682  24.98199808   53.445
2017236 121.50816686  24.98199809   53.444
2017237 121.50816686  24.98199810   53.455
2017238 121.50816688  24.98199815   53.458
2017239 121.50816693  24.98199810   53.451
2017240 121.50816683  24.98199809   53.467
2017241 121.50816686  24.98199808   53.462
2017242 121.50816689  24.98199813   53.464
2017243 121.50816689  24.98199817   53.465
2017244 121.50816690  24.98199811   53.463
2017245 121.50816696  24.98199815   53.460
2017246 121.50816696  24.98199815   53.454
2017247 121.50816698  24.98199809   53.448
2017248 121.50816691  24.98199812   53.456
2017249 121.50816693  24.98199815   53.450
2017250 121.50816695  24.98199812   53.439
2017251 121.50816691  24.98199812   53.460
2017252 121.50816695  24.98199812   53.453
2017253 121.50816694  24.98199817   53.446
2017254 121.50816694  24.98199814   53.441
2017255 121.50816692  24.98199810   53.452
2017256 121.50816694  24.98199811   53.438
2017257 121.50816694  24.98199810   53.456
2017258 121.50816696  24.98199810   53.444
2017259 121.50816692  24.98199810   53.459
2017260 121.50816690  24.98199816   53.453
2017261 121.50816694  24.98199813   53.455
2017262 121.50816693  24.98199815   53.444
2017263 121.50816690  24.98199815   53.456
2017264 121.50816694  24.98199814   53.449
2017265 121.50816686  24.98199815   53.446
2017266 121.50816690  24.98199814   53.464
2017267 121.50816694  24.98199813   53.460
2017268 121.50816699  24.98199808   53.450
2017269 121.50816694  24.98199811   53.451
2017270 121.50816698  24.98199809   53.449
2017271 121.50816695  24.98199807   53.444
2017272 121.50816695  24.98199813   53.445
2017273 121.50816697  24.98199808   53.457
2017274 121.50816697  24.98199815   53.446
2017275 121.50816697  24.98199811   53.446
2017276 121.50816692  24.98199809   53.467
2017277 121.50816689  24.98199808   53.455
2017278 121.50816686  24.98199807   53.462
2017279 121.50816689  24.98199804   53.457
2017280 121.50816690  24.98199808   53.469
2017281 121.50816686  24.98199815   53.438
2017282 121.50816690  24.98199814   53.444
2017283 121.50816693  24.98199812   53.465
2017284 121.50816688  24.98199812   53.443
2017285 121.50816695  24.98199807   53.475
2017286 121.50816695  24.98199811   53.456
2017287 121.50816694  24.98199810   53.447
2017288 121.50816703  24.98199809   53.452
2017289 121.50816695  24.98199806   53.449
2017290 121.50816692  24.98199807   53.460
2017291 121.50816697  24.98199807   53.449
2017292 121.50816699  24.98199811   53.448
2017293 121.50816699  24.98199809   53.448
2017294 121.50816698  24.98199813   53.449
2017295 121.50816700  24.98199811   53.447
2017296 121.50816696  24.98199811   53.452
2017297 121.50816697  24.98199815   53.461
2017298 121.50816700  24.98199812   53.451
2017299 121.50816698  24.98199810   53.459
2017300 121.50816697  24.98199810   53.450
2017301 121.50816697  24.98199808   53.452
2017302 121.50816695  24.98199808   53.449
2017303 121.50816694  24.98199809   53.459
2017304 121.50816694  24.98199807   53.463
