2016306 121.65193393  25.20860418   30.875
2016307 121.65193391  25.20860416   30.883
2016308 121.65193391  25.20860418   30.899
2016309 121.65193396  25.20860415   30.883
2016310 121.65193394  25.20860414   30.891
2016311 121.65193390  25.20860416   30.888
2016312 121.65193389  25.20860415   30.882
2016313 121.65193390  25.20860416   30.888
2016314 121.65193389  25.20860418   30.889
2016315 121.65193391  25.20860418   30.886
2016316 121.65193388  25.20860416   30.888
2016317 121.65193394  25.20860415   30.886
2016318 121.65193394  25.20860417   30.882
2016319 121.65193396  25.20860415   30.879
2016320 121.65193396  25.20860414   30.890
2016321 121.65193394  25.20860414   30.891
2016322 121.65193398  25.20860415   30.888
2016323 121.65193394  25.20860416   30.890
2016324 121.65193392  25.20860418   30.883
2016325 121.65193396  25.20860417   30.887
2016326 121.65193393  25.20860420   30.884
2016327 121.65193394  25.20860419   30.896
2016328 121.65193392  25.20860416   30.893
2016329 121.65193391  25.20860417   30.889
2016330 121.65193393  25.20860415   30.883
2016331 121.65193397  25.20860417   30.893
2016332 121.65193393  25.20860419   30.898
2016333 121.65193397  25.20860419   30.896
2016334 121.65193396  25.20860418   30.891
2016335 121.65193398  25.20860419   30.912
2016336 121.65193396  25.20860418   30.889
2016337 121.65193397  25.20860416   30.882
2016338 121.65193399  25.20860417   30.893
2016339 121.65193397  25.20860418   30.880
2016340 121.65193395  25.20860420   30.878
2016341 121.65193396  25.20860421   30.890
2016342 121.65193393  25.20860417   30.894
2016343 121.65193395  25.20860416   30.892
2016344 121.65193393  25.20860416   30.899
2016346 121.65193397  25.20860417   30.886
2016347 121.65193401  25.20860415   30.887
2016348 121.65193396  25.20860416   30.876
2016349 121.65193393  25.20860419   30.882
2016350 121.65193391  25.20860415   30.889
2016351 121.65193392  25.20860414   30.889
2016352 121.65193391  25.20860413   30.882
2016353 121.65193392  25.20860412   30.875
2016354 121.65193392  25.20860413   30.878
2016355 121.65193401  25.20860415   30.872
2016356 121.65193391  25.20860414   30.887
2016357 121.65193398  25.20860418   30.891
2016358 121.65193396  25.20860420   30.893
2016359 121.65193395  25.20860418   30.893
2016360 121.65193399  25.20860416   30.874
2016361 121.65193399  25.20860415   30.880
2016362 121.65193398  25.20860416   30.885
2016363 121.65193391  25.20860413   30.893
2016364 121.65193391  25.20860414   30.888
2016365 121.65193392  25.20860414   30.892
2016366 121.65193394  25.20860410   30.889
2017001 121.65193392  25.20860414   30.886
2017002 121.65193394  25.20860415   30.891
2017003 121.65193395  25.20860413   30.885
2017004 121.65193395  25.20860413   30.883
2017005 121.65193395  25.20860415   30.874
2017006 121.65193397  25.20860413   30.886
2017007 121.65193398  25.20860415   30.883
2017008 121.65193394  25.20860415   30.889
2017009 121.65193397  25.20860416   30.885
2017010 121.65193399  25.20860417   30.882
2017011 121.65193398  25.20860415   30.901
2017012 121.65193400  25.20860416   30.894
2017013 121.65193399  25.20860418   30.886
2017014 121.65193399  25.20860414   30.885
2017015 121.65193398  25.20860419   30.894
2017016 121.65193396  25.20860418   30.885
2017017 121.65193398  25.20860416   30.884
2017018 121.65193398  25.20860416   30.887
2017019 121.65193397  25.20860415   30.879
2017020 121.65193399  25.20860416   30.878
2017021 121.65193399  25.20860413   30.884
2017022 121.65193397  25.20860416   30.888
2017023 121.65193398  25.20860415   30.886
2017024 121.65193401  25.20860415   30.891
2017025 121.65193395  25.20860413   30.890
2017026 121.65193395  25.20860411   30.887
2017029 121.65193396  25.20860413   30.885
2017030 121.65193396  25.20860413   30.883
2017031 121.65193403  25.20860416   30.889
2017033 121.65193397  25.20860412   30.892
2017034 121.65193395  25.20860410   30.883
2017035 121.65193396  25.20860411   30.885
2017036 121.65193401  25.20860415   30.891
2017037 121.65193397  25.20860413   30.891
2017038 121.65193396  25.20860412   30.886
2017039 121.65193400  25.20860414   30.881
2017040 121.65193401  25.20860415   30.886
2017041 121.65193402  25.20860416   30.893
2017042 121.65193399  25.20860416   30.893
2017043 121.65193398  25.20860411   30.891
2017047 121.65193397  25.20860411   30.885
2017049 121.65193398  25.20860412   30.890
2017050 121.65193405  25.20860414   30.882
2017051 121.65193399  25.20860413   30.878
2017052 121.65193406  25.20860412   30.876
2017053 121.65193407  25.20860415   30.875
2017054 121.65193401  25.20860418   30.879
2017055 121.65193405  25.20860418   30.888
2017056 121.65193403  25.20860420   30.872
2017057 121.65193405  25.20860417   30.881
2017060 121.65193400  25.20860412   30.887
2017061 121.65193399  25.20860413   30.890
2017062 121.65193402  25.20860413   30.884
2017063 121.65193402  25.20860411   30.883
2017064 121.65193398  25.20860413   30.880
2017065 121.65193398  25.20860413   30.886
2017066 121.65193400  25.20860412   30.885
2017067 121.65193407  25.20860416   30.885
2017068 121.65193406  25.20860417   30.891
2017069 121.65193407  25.20860416   30.891
2017070 121.65193406  25.20860416   30.884
2017071 121.65193411  25.20860416   30.877
2017072 121.65193408  25.20860416   30.871
2017073 121.65193400  25.20860413   30.892
2017074 121.65193403  25.20860413   30.879
2017075 121.65193400  25.20860414   30.880
2017076 121.65193400  25.20860411   30.884
2017077 121.65193400  25.20860412   30.881
2017078 121.65193406  25.20860417   30.880
2017079 121.65193411  25.20860413   30.881
2017080 121.65193401  25.20860410   30.876
2017081 121.65193403  25.20860412   30.881
2017082 121.65193402  25.20860413   30.883
2017083 121.65193403  25.20860410   30.874
2017084 121.65193402  25.20860413   30.883
2017085 121.65193404  25.20860410   30.889
2017086 121.65193402  25.20860411   30.885
2017087 121.65193409  25.20860411   30.885
2017088 121.65193409  25.20860414   30.884
2017089 121.65193413  25.20860413   30.896
2017090 121.65193406  25.20860418   30.885
2017091 121.65193411  25.20860413   30.881
2017092 121.65193408  25.20860413   30.875
2017093 121.65193407  25.20860409   30.883
2017097 121.65193404  25.20860410   30.882
2017099 121.65193401  25.20860408   30.861
2017100 121.65193397  25.20860409   30.838
2017101 121.65193411  25.20860419   30.884
2017102 121.65193406  25.20860416   30.895
2017103 121.65193408  25.20860415   30.884
2017104 121.65193407  25.20860416   30.881
2017105 121.65193411  25.20860413   30.879
2017106 121.65193409  25.20860415   30.868
2017107 121.65193412  25.20860417   30.864
2017108 121.65193411  25.20860412   30.863
2017109 121.65193409  25.20860414   30.860
2017110 121.65193399  25.20860407   30.865
2017111 121.65193411  25.20860417   30.887
2017112 121.65193408  25.20860415   30.887
2017113 121.65193411  25.20860415   30.884
2017114 121.65193415  25.20860413   30.886
2017115 121.65193406  25.20860415   30.893
2017116 121.65193411  25.20860416   30.883
2017117 121.65193410  25.20860413   30.884
2017118 121.65193409  25.20860416   30.897
2017119 121.65193408  25.20860417   30.887
2017120 121.65193411  25.20860414   30.879
2017121 121.65193409  25.20860418   30.889
2017122 121.65193410  25.20860413   30.889
2017123 121.65193404  25.20860410   30.886
2017124 121.65193405  25.20860410   30.892
2017125 121.65193401  25.20860412   30.886
2017127 121.65193406  25.20860413   30.886
2017128 121.65193394  25.20860414   30.879
2017129 121.65193403  25.20860409   30.880
2017130 121.65193408  25.20860415   30.886
2017131 121.65193412  25.20860415   30.877
2017132 121.65193410  25.20860415   30.889
2017133 121.65193411  25.20860418   30.889
2017134 121.65193411  25.20860413   30.885
2017135 121.65193414  25.20860417   30.890
2017136 121.65193409  25.20860418   30.886
2017137 121.65193409  25.20860420   30.886
2017138 121.65193410  25.20860415   30.882
2017139 121.65193409  25.20860415   30.883
2017140 121.65193416  25.20860413   30.883
2017141 121.65193410  25.20860416   30.899
2017142 121.65193411  25.20860415   30.878
2017143 121.65193409  25.20860413   30.879
2017144 121.65193411  25.20860414   30.883
2017145 121.65193414  25.20860415   30.879
2017146 121.65193408  25.20860419   30.895
2017147 121.65193409  25.20860413   30.876
2017148 121.65193410  25.20860411   30.897
2017149 121.65193413  25.20860414   30.888
2017150 121.65193410  25.20860416   30.891
2017151 121.65193414  25.20860416   30.892
2017152 121.65193403  25.20860407   30.869
2017153 121.65193408  25.20860419   30.862
2017154 121.65193413  25.20860417   30.867
2017155 121.65193416  25.20860419   30.889
2017156 121.65193411  25.20860412   30.886
2017157 121.65193416  25.20860417   30.884
2017158 121.65193409  25.20860413   30.881
2017159 121.65193414  25.20860414   30.878
2017160 121.65193408  25.20860414   30.889
2017161 121.65193409  25.20860411   30.877
2017162 121.65193415  25.20860416   30.888
2017163 121.65193417  25.20860410   30.877
2017164 121.65193417  25.20860406   30.870
2017165 121.65193413  25.20860412   30.873
2017166 121.65193412  25.20860417   30.886
2017167 121.65193411  25.20860412   30.882
2017168 121.65193418  25.20860417   30.888
2017169 121.65193411  25.20860410   30.878
2017170 121.65193413  25.20860414   30.892
2017171 121.65193406  25.20860404   30.871
2017172 121.65193407  25.20860413   30.888
2017173 121.65193414  25.20860412   30.886
2017174 121.65193402  25.20860415   30.900
2017175 121.65193398  25.20860413   30.889
2017176 121.65193402  25.20860405   30.864
2017177 121.65193411  25.20860410   30.892
2017178 121.65193409  25.20860410   30.888
2017179 121.65193404  25.20860412   30.899
2017180 121.65193416  25.20860414   30.881
2017181 121.65193414  25.20860414   30.887
2017182 121.65193418  25.20860413   30.883
2017183 121.65193411  25.20860412   30.877
2017184 121.65193422  25.20860415   30.871
2017185 121.65193419  25.20860410   30.883
2017186 121.65193414  25.20860411   30.885
2017187 121.65193405  25.20860410   30.876
2017188 121.65193413  25.20860410   30.895
2017189 121.65193409  25.20860411   30.891
2017190 121.65193409  25.20860410   30.886
2017191 121.65193416  25.20860413   30.881
2017192 121.65193414  25.20860413   30.892
2017193 121.65193414  25.20860411   30.892
2017194 121.65193413  25.20860409   30.881
2017195 121.65193416  25.20860410   30.872
2017196 121.65193418  25.20860413   30.874
2017197 121.65193421  25.20860409   30.877
2017198 121.65193419  25.20860409   30.886
2017199 121.65193415  25.20860409   30.885
2017200 121.65193412  25.20860408   30.887
2017201 121.65193412  25.20860407   30.889
2017202 121.65193414  25.20860406   30.879
2017203 121.65193413  25.20860406   30.873
2017204 121.65193413  25.20860410   30.886
2017205 121.65193411  25.20860408   30.882
2017206 121.65193410  25.20860408   30.879
2017207 121.65193410  25.20860407   30.889
2017208 121.65193411  25.20860408   30.873
2017209 121.65193419  25.20860409   30.868
2017210 121.65193417  25.20860410   30.870
2017211 121.65193415  25.20860416   30.880
2017212 121.65193419  25.20860413   30.885
2017213 121.65193421  25.20860412   30.886
2017214 121.65193418  25.20860414   30.887
2017215 121.65193414  25.20860409   30.878
2017216 121.65193415  25.20860409   30.882
2017217 121.65193411  25.20860410   30.886
2017218 121.65193410  25.20860404   30.894
2017219 121.65193413  25.20860409   30.897
2017220 121.65193407  25.20860409   30.893
2017221 121.65193407  25.20860399   30.876
2017222 121.65193414  25.20860410   30.893
2017223 121.65193418  25.20860410   30.881
2017224 121.65193413  25.20860411   30.889
2017225 121.65193413  25.20860412   30.881
2017226 121.65193422  25.20860413   30.892
2017227 121.65193416  25.20860410   30.873
2017228 121.65193417  25.20860408   30.881
2017229 121.65193413  25.20860408   30.881
2017230 121.65193417  25.20860406   30.883
2017231 121.65193409  25.20860408   30.885
2017232 121.65193420  25.20860412   30.884
2017233 121.65193419  25.20860411   30.883
2017234 121.65193415  25.20860405   30.885
2017235 121.65193411  25.20860407   30.876
2017236 121.65193414  25.20860409   30.890
2017237 121.65193416  25.20860405   30.885
2017238 121.65193418  25.20860407   30.887
2017239 121.65193417  25.20860406   30.872
2017240 121.65193415  25.20860405   30.878
2017241 121.65193413  25.20860404   30.889
2017242 121.65193420  25.20860411   30.886
2017243 121.65193417  25.20860414   30.874
2017244 121.65193419  25.20860412   30.893
2017245 121.65193422  25.20860413   30.880
2017246 121.65193424  25.20860411   30.873
2017247 121.65193422  25.20860407   30.884
2017248 121.65193419  25.20860408   30.873
2017249 121.65193422  25.20860413   30.881
2017250 121.65193423  25.20860411   30.881
2017251 121.65193422  25.20860412   30.899
2017252 121.65193422  25.20860411   30.892
2017253 121.65193416  25.20860413   30.882
2017254 121.65193422  25.20860410   30.885
2017255 121.65193422  25.20860413   30.883
2017256 121.65193421  25.20860410   30.876
2017257 121.65193415  25.20860410   30.871
2017258 121.65193419  25.20860406   30.874
2017259 121.65193418  25.20860407   30.882
2017260 121.65193417  25.20860412   30.879
2017261 121.65193422  25.20860410   30.884
2017262 121.65193420  25.20860411   30.881
2017263 121.65193417  25.20860413   30.893
2017264 121.65193421  25.20860410   30.885
2017265 121.65193418  25.20860410   30.870
2017266 121.65193419  25.20860409   30.888
2017267 121.65193421  25.20860410   30.889
2017268 121.65193425  25.20860407   30.880
2017269 121.65193422  25.20860409   30.883
2017270 121.65193426  25.20860407   30.882
2017271 121.65193430  25.20860412   30.884
2017272 121.65193423  25.20860411   30.881
2017273 121.65193423  25.20860404   30.882
2017274 121.65193423  25.20860413   30.881
2017275 121.65193423  25.20860409   30.879
2017276 121.65193423  25.20860410   30.880
2017277 121.65193417  25.20860406   30.882
2017278 121.65193419  25.20860410   30.886
2017279 121.65193422  25.20860406   30.905
2017280 121.65193419  25.20860405   30.889
2017281 121.65193421  25.20860411   30.902
2017282 121.65193421  25.20860408   30.887
2017283 121.65193423  25.20860406   30.890
2017284 121.65193420  25.20860408   30.886
2017285 121.65193419  25.20860406   30.890
2017286 121.65193423  25.20860408   30.898
2017287 121.65193423  25.20860410   30.889
2017288 121.65193427  25.20860402   30.883
2017289 121.65193424  25.20860410   30.899
2017290 121.65193420  25.20860404   30.872
2017291 121.65193423  25.20860403   30.895
2017292 121.65193423  25.20860407   30.886
2017293 121.65193425  25.20860406   30.885
2017294 121.65193423  25.20860410   30.889
2017295 121.65193425  25.20860407   30.883
2017296 121.65193423  25.20860410   30.884
2017297 121.65193422  25.20860412   30.889
2017298 121.65193428  25.20860408   30.892
2017299 121.65193423  25.20860407   30.894
2017300 121.65193424  25.20860409   30.884
2017301 121.65193421  25.20860405   30.887
2017302 121.65193422  25.20860406   30.889
2017303 121.65193421  25.20860405   30.890
2017304 121.65193423  25.20860409   30.907
