2016306 121.82941734  24.66443331   25.822
2016307 121.82941732  24.66443330   25.828
2016308 121.82941732  24.66443332   25.839
2016309 121.82941736  24.66443330   25.818
2016310 121.82941735  24.66443331   25.828
2016311 121.82941732  24.66443333   25.830
2016312 121.82941731  24.66443329   25.825
2016313 121.82941730  24.66443329   25.832
2016314 121.82941730  24.66443332   25.833
2016315 121.82941731  24.66443334   25.830
2016316 121.82941730  24.66443330   25.833
2016317 121.82941736  24.66443328   25.827
2016318 121.82941735  24.66443331   25.827
2016319 121.82941738  24.66443329   25.818
2016320 121.82941736  24.66443329   25.826
2016321 121.82941735  24.66443329   25.830
2016322 121.82941738  24.66443329   25.824
2016323 121.82941736  24.66443330   25.827
2016324 121.82941735  24.66443333   25.822
2016325 121.82941738  24.66443330   25.830
2016326 121.82941735  24.66443333   25.824
2016327 121.82941737  24.66443331   25.839
2016328 121.82941736  24.66443329   25.830
2016329 121.82941734  24.66443329   25.829
2016330 121.82941734  24.66443329   25.828
2016331 121.82941738  24.66443331   25.833
2016332 121.82941735  24.66443332   25.825
2016333 121.82941741  24.66443331   25.822
2016334 121.82941740  24.66443331   25.828
2016335 121.82941737  24.66443331   25.824
2016336 121.82941736  24.66443330   25.822
2016337 121.82941740  24.66443330   25.816
2016338 121.82941738  24.66443331   25.831
2016339 121.82941740  24.66443332   25.820
2016340 121.82941739  24.66443333   25.818
2016341 121.82941737  24.66443332   25.827
2016342 121.82941735  24.66443328   25.833
2016343 121.82941736  24.66443326   25.827
2016344 121.82941733  24.66443329   25.826
2016345 121.82941733  24.66443328   25.831
2016346 121.82941739  24.66443329   25.829
2016347 121.82941744  24.66443327   25.822
2016348 121.82941739  24.66443330   25.819
2016349 121.82941737  24.66443331   25.821
2016350 121.82941732  24.66443327   25.827
2016351 121.82941736  24.66443326   25.827
2016352 121.82941734  24.66443327   25.823
2016353 121.82941734  24.66443326   25.815
2016354 121.82941735  24.66443325   25.814
2016355 121.82941741  24.66443328   25.819
2016356 121.82941735  24.66443327   25.829
2016357 121.82941740  24.66443327   25.821
2016358 121.82941740  24.66443333   25.826
2016359 121.82941738  24.66443330   25.829
2016360 121.82941738  24.66443330   25.814
2016361 121.82941741  24.66443327   25.823
2016362 121.82941740  24.66443328   25.831
2016363 121.82941734  24.66443325   25.831
2016364 121.82941733  24.66443325   25.830
2016365 121.82941735  24.66443327   25.826
2017001 121.82941735  24.66443326   25.824
2017002 121.82941737  24.66443326   25.826
2017003 121.82941739  24.66443326   25.828
2017004 121.82941738  24.66443326   25.824
2017005 121.82941739  24.66443326   25.817
2017006 121.82941738  24.66443326   25.821
2017007 121.82941740  24.66443326   25.823
2017008 121.82941738  24.66443326   25.825
2017009 121.82941739  24.66443329   25.826
2017010 121.82941743  24.66443327   25.818
2017011 121.82941742  24.66443327   25.830
2017012 121.82941744  24.66443328   25.830
2017013 121.82941742  24.66443329   25.822
2017014 121.82941741  24.66443326   25.829
2017015 121.82941740  24.66443330   25.832
2017016 121.82941740  24.66443329   25.830
2017017 121.82941741  24.66443327   25.823
2017018 121.82941742  24.66443326   25.822
2017019 121.82941742  24.66443326   25.820
2017020 121.82941742  24.66443326   25.819
2017021 121.82941743  24.66443324   25.820
2017022 121.82941741  24.66443326   25.823
2017023 121.82941742  24.66443326   25.828
2017024 121.82941744  24.66443326   25.828
2017025 121.82941738  24.66443323   25.825
2017026 121.82941737  24.66443322   25.822
2017027 121.82941741  24.66443321   25.826
2017028 121.82941738  24.66443323   25.825
2017029 121.82941741  24.66443323   25.823
2017030 121.82941740  24.66443324   25.817
2017031 121.82941747  24.66443326   25.830
2017032 121.82941743  24.66443324   25.824
2017033 121.82941741  24.66443322   25.828
2017034 121.82941741  24.66443322   25.824
2017035 121.82941741  24.66443322   25.829
2017036 121.82941744  24.66443326   25.815
2017037 121.82941741  24.66443323   25.828
2017038 121.82941740  24.66443323   25.825
2017039 121.82941748  24.66443324   25.823
2017040 121.82941745  24.66443324   25.819
2017041 121.82941746  24.66443324   25.819
2017042 121.82941743  24.66443327   25.823
2017043 121.82941743  24.66443320   25.825
2017044 121.82941740  24.66443321   25.825
2017045 121.82941740  24.66443323   25.819
2017046 121.82941741  24.66443321   25.819
2017047 121.82941744  24.66443321   25.824
2017048 121.82941740  24.66443320   25.821
2017049 121.82941743  24.66443322   25.825
2017050 121.82941748  24.66443325   25.814
2017051 121.82941744  24.66443321   25.814
2017052 121.82941751  24.66443323   25.827
2017053 121.82941750  24.66443326   25.826
2017054 121.82941746  24.66443326   25.829
2017055 121.82941749  24.66443326   25.827
2017056 121.82941748  24.66443327   25.810
2017057 121.82941752  24.66443325   25.829
2017058 121.82941748  24.66443324   25.819
2017059 121.82941747  24.66443323   25.822
2017060 121.82941745  24.66443321   25.828
2017061 121.82941746  24.66443321   25.829
2017062 121.82941746  24.66443323   25.820
2017063 121.82941744  24.66443321   25.815
2017064 121.82941745  24.66443321   25.818
2017065 121.82941742  24.66443323   25.826
2017066 121.82941745  24.66443322   25.824
2017067 121.82941753  24.66443324   25.829
2017068 121.82941751  24.66443326   25.830
2017069 121.82941753  24.66443323   25.826
2017070 121.82941753  24.66443326   25.821
2017071 121.82941756  24.66443324   25.813
2017072 121.82941756  24.66443324   25.810
2017073 121.82941748  24.66443321   25.826
2017074 121.82941747  24.66443322   25.823
2017075 121.82941748  24.66443322   25.819
2017076 121.82941748  24.66443319   25.823
2017077 121.82941747  24.66443321   25.822
2017078 121.82941754  24.66443324   25.814
2017079 121.82941755  24.66443322   25.821
2017080 121.82941750  24.66443319   25.822
2017081 121.82941749  24.66443320   25.823
2017082 121.82941749  24.66443323   25.830
2017083 121.82941751  24.66443318   25.823
2017084 121.82941749  24.66443321   25.822
2017085 121.82941749  24.66443319   25.820
2017086 121.82941748  24.66443321   25.828
2017087 121.82941756  24.66443320   25.823
2017088 121.82941756  24.66443321   25.815
2017089 121.82941758  24.66443321   25.823
2017090 121.82941753  24.66443323   25.824
2017091 121.82941757  24.66443320   25.818
2017092 121.82941754  24.66443321   25.823
2017093 121.82941754  24.66443319   25.824
2017094 121.82941751  24.66443318   25.821
2017095 121.82941757  24.66443317   25.825
2017096 121.82941750  24.66443319   25.824
2017097 121.82941750  24.66443319   25.819
2017098 121.82941751  24.66443320   25.814
2017099 121.82941750  24.66443319   25.815
2017100 121.82941750  24.66443318   25.805
2017101 121.82941759  24.66443324   25.829
2017102 121.82941755  24.66443320   25.827
2017103 121.82941754  24.66443321   25.824
2017104 121.82941754  24.66443324   25.818
2017105 121.82941759  24.66443321   25.814
2017106 121.82941756  24.66443320   25.809
2017107 121.82941763  24.66443323   25.815
2017108 121.82941759  24.66443319   25.808
2017109 121.82941760  24.66443320   25.822
2017110 121.82941749  24.66443318   25.809
2017111 121.82941757  24.66443320   25.819
2017112 121.82941756  24.66443321   25.824
2017113 121.82941759  24.66443320   25.829
2017114 121.82941761  24.66443319   25.818
2017115 121.82941755  24.66443321   25.820
2017116 121.82941759  24.66443319   25.818
2017117 121.82941757  24.66443319   25.826
2017118 121.82941756  24.66443322   25.828
2017119 121.82941758  24.66443322   25.819
2017120 121.82941758  24.66443319   25.819
2017121 121.82941757  24.66443324   25.825
2017122 121.82941757  24.66443318   25.825
2017123 121.82941751  24.66443317   25.819
2017124 121.82941751  24.66443316   25.824
2017125 121.82941751  24.66443317   25.821
2017126 121.82941751  24.66443319   25.815
2017127 121.82941754  24.66443319   25.818
2017128 121.82941742  24.66443319   25.812
2017129 121.82941748  24.66443319   25.809
2017130 121.82941758  24.66443322   25.825
2017131 121.82941761  24.66443320   25.811
2017132 121.82941763  24.66443316   25.817
2017133 121.82941759  24.66443324   25.826
2017134 121.82941759  24.66443318   25.809
2017135 121.82941762  24.66443320   25.825
2017136 121.82941759  24.66443323   25.826
2017137 121.82941758  24.66443323   25.815
2017138 121.82941759  24.66443319   25.826
2017139 121.82941759  24.66443320   25.823
2017140 121.82941765  24.66443319   25.824
2017141 121.82941759  24.66443321   25.832
2017142 121.82941761  24.66443321   25.818
2017143 121.82941757  24.66443318   25.816
2017144 121.82941761  24.66443318   25.815
2017145 121.82941762  24.66443318   25.817
2017146 121.82941755  24.66443323   25.837
2017147 121.82941759  24.66443318   25.820
2017148 121.82941759  24.66443316   25.832
2017149 121.82941764  24.66443319   25.823
2017150 121.82941760  24.66443321   25.829
2017151 121.82941767  24.66443319   25.816
2017152 121.82941761  24.66443319   25.816
2017153 121.82941759  24.66443326   25.808
2017154 121.82941764  24.66443319   25.822
2017155 121.82941764  24.66443322   25.827
2017156 121.82941761  24.66443317   25.829
2017157 121.82941763  24.66443320   25.808
2017158 121.82941759  24.66443317   25.821
2017159 121.82941761  24.66443319   25.818
2017160 121.82941758  24.66443316   25.817
2017161 121.82941764  24.66443314   25.820
2017162 121.82941764  24.66443316   25.831
2017163 121.82941767  24.66443314   25.823
2017164 121.82941773  24.66443314   25.812
2017165 121.82941764  24.66443317   25.825
2017166 121.82941763  24.66443321   25.822
2017167 121.82941765  24.66443317   25.819
2017168 121.82941765  24.66443318   25.815
2017169 121.82941765  24.66443315   25.824
2017170 121.82941767  24.66443319   25.821
2017171 121.82941759  24.66443312   25.815
2017172 121.82941757  24.66443315   25.818
2017173 121.82941764  24.66443316   25.816
2017174 121.82941771  24.66443307   25.827
2017175 121.82941759  24.66443314   25.827
2017176 121.82941758  24.66443315   25.809
2017177 121.82941761  24.66443311   25.819
2017178 121.82941759  24.66443309   25.814
2017179 121.82941756  24.66443316   25.823
2017180 121.82941767  24.66443317   25.821
2017181 121.82941766  24.66443319   25.819
2017182 121.82941766  24.66443318   25.827
2017183 121.82941762  24.66443314   25.795
2017184 121.82941769  24.66443319   25.798
2017185 121.82941769  24.66443311   25.817
2017186 121.82941766  24.66443317   25.822
2017187 121.82941757  24.66443313   25.804
2017188 121.82941760  24.66443313   25.832
2017189 121.82941766  24.66443311   25.824
2017190 121.82941766  24.66443312   25.816
2017191 121.82941769  24.66443317   25.828
2017192 121.82941764  24.66443316   25.823
2017193 121.82941764  24.66443315   25.834
2017194 121.82941766  24.66443313   25.819
2017195 121.82941770  24.66443314   25.810
2017196 121.82941767  24.66443317   25.825
2017197 121.82941775  24.66443314   25.813
2017198 121.82941768  24.66443311   25.824
2017199 121.82941767  24.66443311   25.817
2017200 121.82941765  24.66443312   25.821
2017201 121.82941766  24.66443309   25.822
2017202 121.82941765  24.66443310   25.814
2017203 121.82941766  24.66443311   25.813
2017204 121.82941766  24.66443313   25.813
2017205 121.82941765  24.66443311   25.819
2017206 121.82941763  24.66443310   25.821
2017207 121.82941764  24.66443310   25.829
2017208 121.82941762  24.66443310   25.819
2017209 121.82941771  24.66443312   25.807
2017210 121.82941776  24.66443316   25.815
2017211 121.82941773  24.66443311   25.812
2017212 121.82941775  24.66443314   25.821
2017213 121.82941773  24.66443314   25.811
2017214 121.82941775  24.66443316   25.815
2017215 121.82941766  24.66443310   25.816
2017216 121.82941763  24.66443311   25.809
2017217 121.82941767  24.66443310   25.810
2017218 121.82941767  24.66443312   25.835
2017219 121.82941771  24.66443309   25.820
2017220 121.82941767  24.66443308   25.819
2017221 121.82941766  24.66443308   25.824
2017222 121.82941764  24.66443311   25.824
2017223 121.82941771  24.66443310   25.820
2017224 121.82941771  24.66443309   25.831
2017225 121.82941780  24.66443311   25.824
2017226 121.82941780  24.66443316   25.820
2017227 121.82941769  24.66443308   25.810
2017228 121.82941775  24.66443310   25.796
2017229 121.82941769  24.66443309   25.816
2017230 121.82941768  24.66443307   25.809
2017231 121.82941762  24.66443309   25.813
2017232 121.82941772  24.66443314   25.826
2017233 121.82941778  24.66443310   25.838
2017234 121.82941766  24.66443309   25.818
2017235 121.82941764  24.66443308   25.810
2017236 121.82941767  24.66443309   25.819
2017237 121.82941765  24.66443311   25.817
2017238 121.82941771  24.66443310   25.818
2017239 121.82941771  24.66443306   25.812
2017240 121.82941767  24.66443307   25.814
2017241 121.82941769  24.66443305   25.822
2017242 121.82941772  24.66443307   25.796
2017243 121.82941779  24.66443315   25.809
2017244 121.82941769  24.66443303   25.818
2017245 121.82941776  24.66443313   25.844
2017246 121.82941779  24.66443312   25.820
2017247 121.82941777  24.66443307   25.812
2017248 121.82941771  24.66443309   25.820
2017249 121.82941778  24.66443314   25.810
2017250 121.82941778  24.66443311   25.808
2017251 121.82941777  24.66443309   25.821
2017252 121.82941776  24.66443312   25.808
2017253 121.82941773  24.66443314   25.815
2017254 121.82941778  24.66443311   25.811
2017255 121.82941776  24.66443311   25.811
2017256 121.82941778  24.66443309   25.810
2017257 121.82941775  24.66443304   25.830
2017258 121.82941775  24.66443307   25.814
2017259 121.82941774  24.66443311   25.815
2017260 121.82941771  24.66443311   25.820
2017261 121.82941775  24.66443311   25.814
2017262 121.82941776  24.66443313   25.813
2017263 121.82941773  24.66443313   25.825
2017264 121.82941777  24.66443310   25.815
2017265 121.82941778  24.66443304   25.808
2017266 121.82941780  24.66443307   25.808
2017267 121.82941782  24.66443310   25.805
2017268 121.82941782  24.66443307   25.809
2017269 121.82941778  24.66443308   25.812
2017270 121.82941779  24.66443307   25.804
2017271 121.82941776  24.66443302   25.819
2017272 121.82941778  24.66443305   25.852
2017273 121.82941775  24.66443308   25.822
2017274 121.82941779  24.66443312   25.803
2017275 121.82941779  24.66443308   25.807
2017276 121.82941778  24.66443308   25.816
2017277 121.82941778  24.66443309   25.786
2017278 121.82941764  24.66443302   25.832
2017279 121.82941770  24.66443288   25.850
2017280 121.82941776  24.66443304   25.812
2017281 121.82941775  24.66443305   25.804
2017282 121.82941776  24.66443309   25.829
2017283 121.82941781  24.66443302   25.813
2017284 121.82941778  24.66443310   25.811
2017285 121.82941778  24.66443306   25.805
2017286 121.82941776  24.66443305   25.822
2017287 121.82941778  24.66443304   25.820
2017288 121.82941781  24.66443308   25.842
2017289 121.82941773  24.66443304   25.823
2017290 121.82941775  24.66443303   25.811
2017291 121.82941779  24.66443305   25.816
2017292 121.82941782  24.66443307   25.816
2017293 121.82941781  24.66443305   25.818
2017294 121.82941781  24.66443307   25.823
2017295 121.82941781  24.66443307   25.819
2017296 121.82941776  24.66443307   25.818
2017297 121.82941780  24.66443309   25.822
2017298 121.82941784  24.66443307   25.825
2017299 121.82941780  24.66443306   25.823
2017300 121.82941780  24.66443305   25.819
2017301 121.82941778  24.66443302   25.818
2017302 121.82941778  24.66443304   25.815
2017303 121.82941776  24.66443303   25.824
2017304 121.82941774  24.66443302   25.827
