2016306 144.86836014  13.58932977  201.919
2016307 144.86836007  13.58932982  201.918
2016308 144.86836006  13.58932983  201.925
2016309 144.86836009  13.58932976  201.913
2016310 144.86836010  13.58932978  201.921
2016311 144.86836011  13.58932982  201.909
2016312 144.86836003  13.58932982  201.923
2016313 144.86836003  13.58932982  201.929
2016314 144.86836004  13.58932988  201.923
2016315 144.86836006  13.58932980  201.938
2016316 144.86836007  13.58932986  201.930
2016317 144.86836010  13.58932980  201.905
2016318 144.86836012  13.58932987  201.927
2016319 144.86836011  13.58932978  201.929
2016320 144.86836009  13.58932976  201.919
2016321 144.86836003  13.58932984  201.917
2016322 144.86836004  13.58932982  201.932
2016323 144.86836005  13.58932977  201.919
2016324 144.86836010  13.58932986  201.908
2016325 144.86836007  13.58932984  201.919
2016326 144.86836010  13.58932988  201.933
2016327 144.86836011  13.58932985  201.919
2016328 144.86836002  13.58932976  201.911
2016329 144.86836010  13.58932977  201.924
2016330 144.86836006  13.58932986  201.896
2016331 144.86836007  13.58932984  201.913
2016332 144.86836000  13.58932980  201.928
2016333 144.86836009  13.58932980  201.922
2016334 144.86836009  13.58932980  201.922
2016335 144.86836007  13.58932982  201.922
2016336 144.86836005  13.58932979  201.936
2016337 144.86836009  13.58932980  201.906
2016338 144.86836012  13.58932980  201.900
2016339 144.86836020  13.58932983  201.921
2016340 144.86836013  13.58932988  201.920
2016341 144.86836015  13.58932988  201.904
2016342 144.86836006  13.58932985  201.907
2016343 144.86836011  13.58932982  201.922
2016344 144.86836008  13.58932980  201.922
2016345 144.86836014  13.58932983  201.919
2016346 144.86836010  13.58932978  201.909
2016347 144.86836009  13.58932970  201.931
2016348 144.86836015  13.58932984  201.922
2016349 144.86836013  13.58932981  201.917
2016350 144.86836004  13.58932979  201.904
2016351 144.86836005  13.58932982  201.903
2016352 144.86836004  13.58932978  201.915
2016353 144.86836001  13.58932979  201.916
2016354 144.86836006  13.58932975  201.924
2016355 144.86836017  13.58932979  201.906
2016356 144.86836009  13.58932985  201.914
2016357 144.86836008  13.58932979  201.908
2016358 144.86836009  13.58932983  201.915
2016359 144.86836016  13.58932985  201.932
2016360 144.86836016  13.58932982  201.907
2016361 144.86836011  13.58932976  201.911
2016362 144.86836010  13.58932979  201.907
2016363 144.86836002  13.58932975  201.907
2016364 144.86836004  13.58932984  201.925
2016365 144.86836005  13.58932982  201.923
2016366 144.86836001  13.58932975  201.930
2017001 144.86836008  13.58932985  201.921
2017002 144.86836008  13.58932982  201.924
2017003 144.86836010  13.58932980  201.911
2017004 144.86836012  13.58932981  201.912
2017005 144.86836017  13.58932987  201.905
2017006 144.86836007  13.58932979  201.920
2017007 144.86836011  13.58932983  201.916
2017008 144.86836008  13.58932985  201.920
2017009 144.86836009  13.58932990  201.942
2017010 144.86836015  13.58932978  201.923
2017011 144.86836010  13.58932978  201.911
2017012 144.86836012  13.58932980  201.923
2017013 144.86836013  13.58932986  201.926
2017014 144.86836010  13.58932975  201.925
2017015 144.86836014  13.58932991  201.912
2017016 144.86836005  13.58932984  201.918
2017017 144.86836001  13.58932974  201.957
2017018 144.86836003  13.58932981  201.939
2017019 144.86836006  13.58932983  201.914
2017020 144.86836015  13.58932982  201.910
2017021 144.86836010  13.58932984  201.919
2017022 144.86836011  13.58932986  201.926
2017023 144.86836009  13.58932984  201.930
2017024 144.86836005  13.58932977  201.941
2017025 144.86836006  13.58932986  201.921
2017026 144.86836004  13.58932978  201.920
2017027 144.86836011  13.58932977  201.921
2017028 144.86836007  13.58932977  201.935
2017029 144.86836009  13.58932980  201.926
2017030 144.86836012  13.58932986  201.929
2017031 144.86836009  13.58932984  201.923
2017032 144.86836010  13.58932982  201.921
2017033 144.86836010  13.58932981  201.932
2017034 144.86836003  13.58932978  201.926
2017035 144.86836009  13.58932977  201.919
2017036 144.86836013  13.58932980  201.947
2017037 144.86836009  13.58932975  201.938
2017038 144.86836006  13.58932980  201.930
2017039 144.86836011  13.58932978  201.934
2017040 144.86836009  13.58932977  201.926
2017041 144.86836007  13.58932979  201.930
2017042 144.86836011  13.58932984  201.920
2017043 144.86836002  13.58932972  201.925
2017044 144.86836011  13.58932981  201.918
2017045 144.86836002  13.58932983  201.940
2017046 144.86836007  13.58932978  201.916
2017047 144.86836010  13.58932983  201.912
2017048 144.86836009  13.58932977  201.907
2017049 144.86836007  13.58932981  201.949
2017050 144.86836013  13.58932980  201.914
2017051 144.86836010  13.58932975  201.912
2017052 144.86836015  13.58932980  201.913
2017053 144.86836013  13.58932982  201.918
2017054 144.86836014  13.58932992  201.907
2017055 144.86836011  13.58932985  201.920
2017056 144.86836022  13.58932986  201.895
2017057 144.86836008  13.58932978  201.909
2017058 144.86836011  13.58932981  201.906
2017059 144.86836003  13.58932982  201.916
2017060 144.86836008  13.58932980  201.907
2017061 144.86836008  13.58932979  201.929
2017062 144.86836013  13.58932978  201.913
2017063 144.86836012  13.58932973  201.905
2017064 144.86836005  13.58932984  201.922
2017065 144.86836004  13.58932986  201.924
2017066 144.86836010  13.58932982  201.903
2017067 144.86836019  13.58932980  201.903
2017068 144.86836007  13.58932979  201.917
2017069 144.86836017  13.58932980  201.913
2017070 144.86836014  13.58932981  201.930
2017071 144.86836021  13.58932982  201.925
2017072 144.86836018  13.58932981  201.908
2017073 144.86836012  13.58932985  201.907
2017074 144.86836014  13.58932984  201.911
2017075 144.86836012  13.58932994  201.920
2017076 144.86836007  13.58932973  201.906
2017077 144.86836011  13.58932977  201.918
2017078 144.86836029  13.58932983  201.943
2017079 144.86836015  13.58932977  201.924
2017080 144.86836007  13.58932977  201.915
2017081 144.86836013  13.58932983  201.912
2017082 144.86836007  13.58932985  201.919
2017083 144.86836008  13.58932975  201.914
2017084 144.86836015  13.58932985  201.913
2017085 144.86836008  13.58932977  201.916
2017086 144.86836007  13.58932984  201.913
2017087 144.86836009  13.58932982  201.928
2017088 144.86836008  13.58932983  201.912
2017089 144.86836007  13.58932979  201.918
2017090 144.86836018  13.58932987  201.898
2017091 144.86836015  13.58932975  201.917
2017092 144.86836003  13.58932977  201.898
2017093 144.86836005  13.58932979  201.914
2017094 144.86836004  13.58932982  201.905
2017095 144.86836007  13.58932972  201.916
2017096 144.86836001  13.58932976  201.909
2017097 144.86836016  13.58932981  201.913
2017098 144.86836015  13.58932985  201.906
2017099 144.86836009  13.58932973  201.916
2017100 144.86836014  13.58932982  201.916
2017101 144.86836021  13.58932986  201.928
2017102 144.86836013  13.58932988  201.899
2017103 144.86836018  13.58932980  201.915
2017104 144.86836011  13.58932983  201.904
2017105 144.86836007  13.58932977  201.908
2017106 144.86836016  13.58932981  201.921
2017107 144.86836023  13.58932984  201.905
2017108 144.86836018  13.58932973  201.924
2017109 144.86836013  13.58932965  201.899
2017110 144.86836004  13.58932977  201.901
2017111 144.86836008  13.58932981  201.905
2017112 144.86836006  13.58932978  201.896
2017113 144.86836005  13.58932981  201.929
2017114 144.86836015  13.58932976  201.917
2017115 144.86836006  13.58932982  201.914
2017116 144.86836012  13.58932980  201.911
2017117 144.86835998  13.58932968  201.921
2017118 144.86836007  13.58932981  201.928
2017119 144.86836011  13.58932984  201.920
2017120 144.86836005  13.58932978  201.922
2017121 144.86836012  13.58932989  201.909
2017122 144.86836010  13.58932984  201.911
2017123 144.86835994  13.58932978  201.933
2017124 144.86836004  13.58932979  201.913
2017125 144.86835999  13.58932979  201.920
2017126 144.86835999  13.58932985  201.914
2017127 144.86836006  13.58932980  201.910
2017128 144.86836005  13.58932991  201.905
2017129 144.86835999  13.58932979  201.916
2017130 144.86836009  13.58932985  201.921
2017131 144.86836018  13.58932977  201.912
2017132 144.86836014  13.58932976  201.926
2017133 144.86836023  13.58932990  201.913
2017134 144.86836009  13.58932977  201.917
2017135 144.86836009  13.58932979  201.908
2017136 144.86836014  13.58932994  201.907
2017137 144.86836005  13.58932988  201.923
2017138 144.86836000  13.58932985  201.910
2017139 144.86836011  13.58932982  201.897
2017140 144.86836012  13.58932972  201.913
2017141 144.86836013  13.58932993  201.910
2017142 144.86836009  13.58932988  201.923
2017143 144.86836009  13.58932985  201.912
2017144 144.86836009  13.58932981  201.916
2017145 144.86836013  13.58932977  201.920
2017146 144.86836008  13.58932995  201.903
2017147 144.86836011  13.58932980  201.911
2017148 144.86836005  13.58932981  201.927
2017149 144.86836011  13.58932987  201.931
2017150 144.86836008  13.58932988  201.919
2017151 144.86836016  13.58932985  201.906
2017152 144.86836021  13.58932980  201.907
2017153 144.86836012  13.58932991  201.900
2017154 144.86836011  13.58932983  201.915
2017155 144.86836014  13.58932987  201.917
2017156 144.86836005  13.58932983  201.921
2017157 144.86836016  13.58932990  201.900
2017158 144.86836001  13.58932979  201.904
2017159 144.86836011  13.58932982  201.922
2017160 144.86836003  13.58932978  201.915
2017161 144.86836003  13.58932972  201.911
2017162 144.86836001  13.58932972  201.912
2017163 144.86836011  13.58932975  201.917
2017164 144.86836016  13.58932976  201.932
2017165 144.86836008  13.58932983  201.920
2017166 144.86836014  13.58932991  201.917
2017167 144.86836014  13.58932989  201.914
2017168 144.86836010  13.58932988  201.912
2017169 144.86836006  13.58932985  201.915
2017170 144.86836019  13.58932988  201.921
2017171 144.86836012  13.58932989  201.918
2017172 144.86836004  13.58932987  201.896
2017173 144.86836010  13.58932980  201.906
2017174 144.86835993  13.58932973  201.925
2017175 144.86835997  13.58932979  201.921
2017176 144.86836006  13.58932983  201.923
2017177 144.86836000  13.58932972  201.937
2017178 144.86835996  13.58932975  201.925
2017179 144.86835997  13.58932987  201.921
2017180 144.86836005  13.58932978  201.912
2017181 144.86836009  13.58932986  201.922
2017182 144.86836009  13.58932985  201.913
2017183 144.86836001  13.58932978  201.923
2017184 144.86836012  13.58932981  201.902
2017185 144.86836004  13.58932976  201.926
2017186 144.86836005  13.58932985  201.910
2017187 144.86836004  13.58932984  201.907
2017188 144.86836005  13.58932985  201.923
2017189 144.86836003  13.58932984  201.923
2017190 144.86836003  13.58932989  201.920
2017191 144.86836010  13.58932991  201.915
2017192 144.86836006  13.58932985  201.953
2017193 144.86835998  13.58932985  201.931
2017194 144.86836001  13.58932981  201.915
2017195 144.86836008  13.58932984  201.908
2017196 144.86836006  13.58932989  201.903
2017197 144.86836006  13.58932979  201.907
2017198 144.86835997  13.58932975  201.920
2017199 144.86835997  13.58932982  201.916
2017200 144.86836004  13.58932977  201.918
2017201 144.86835997  13.58932979  201.933
2017202 144.86835998  13.58932976  201.920
2017203 144.86835998  13.58932978  201.919
2017204 144.86836004  13.58932981  201.913
2017205 144.86836000  13.58932974  201.933
2017206 144.86835996  13.58932972  201.923
2017207 144.86835992  13.58932976  201.928
2017208 144.86835998  13.58932983  201.932
2017209 144.86836006  13.58932982  201.910
2017210 144.86836003  13.58932979  201.922
2017211 144.86836001  13.58932979  201.905
2017212 144.86836008  13.58932982  201.919
2017213 144.86836011  13.58932981  201.926
2017214 144.86836013  13.58932979  201.920
2017215 144.86836006  13.58932982  201.903
2017216 144.86836003  13.58932982  201.925
2017217 144.86836009  13.58932978  201.927
2017218 144.86836007  13.58932980  201.936
2017219 144.86836009  13.58932976  201.921
2017220 144.86836001  13.58932979  201.931
2017221 144.86836004  13.58932971  201.935
2017222 144.86836005  13.58932978  201.943
2017223 144.86836016  13.58932972  201.926
2017224 144.86836004  13.58932976  201.913
2017225 144.86836009  13.58932982  201.930
2017226 144.86836010  13.58932981  201.907
2017227 144.86836001  13.58932976  201.904
2017228 144.86836006  13.58932980  201.923
2017229 144.86836002  13.58932983  201.932
2017230 144.86836004  13.58932972  201.920
2017231 144.86836003  13.58932986  201.920
2017232 144.86836013  13.58932983  201.900
2017233 144.86836006  13.58932973  201.909
2017234 144.86836003  13.58932984  201.896
2017235 144.86836003  13.58932981  201.906
2017236 144.86836004  13.58932987  201.917
2017237 144.86835996  13.58932987  201.908
2017238 144.86836007  13.58932985  201.923
2017239 144.86836006  13.58932982  201.923
2017240 144.86836006  13.58932974  201.917
2017241 144.86836000  13.58932974  201.921
2017242 144.86836006  13.58932980  201.918
2017243 144.86836010  13.58932973  201.886
2017244 144.86836007  13.58932975  201.901
2017245 144.86836006  13.58932979  201.909
2017246 144.86836008  13.58932986  201.909
2017247 144.86836009  13.58932975  201.925
2017248 144.86836004  13.58932977  201.901
2017249 144.86836009  13.58932991  201.903
2017250 144.86836005  13.58932985  201.914
2017251 144.86836001  13.58932984  201.917
2017252 144.86836008  13.58932991  201.905
2017253 144.86836005  13.58932989  201.902
2017254 144.86836007  13.58932987  201.910
2017255 144.86836000  13.58932977  201.925
2017256 144.86836007  13.58932978  201.909
2017257 144.86836001  13.58932982  201.935
2017258 144.86836006  13.58932973  201.917
2017259 144.86836006  13.58932986  201.901
2017260 144.86836006  13.58932991  201.906
2017261 144.86836008  13.58932980  201.929
2017262 144.86836009  13.58932993  201.893
2017263 144.86835996  13.58932987  201.920
2017264 144.86836011  13.58932986  201.908
2017265 144.86836006  13.58932986  201.895
2017266 144.86836007  13.58932987  201.901
2017267 144.86836008  13.58932987  201.908
2017268 144.86836012  13.58932978  201.907
2017269 144.86835999  13.58932991  201.907
2017270 144.86836010  13.58932981  201.914
2017271 144.86836012  13.58932975  201.918
2017272 144.86836001  13.58932977  201.915
2017273 144.86836005  13.58932987  201.918
2017274 144.86836011  13.58932991  201.910
2017275 144.86836010  13.58932983  201.905
2017276 144.86835998  13.58932983  201.923
2017277 144.86835998  13.58932984  201.912
2017278 144.86836003  13.58932986  201.915
2017279 144.86835999  13.58932979  201.932
2017280 144.86835998  13.58932980  201.932
2017281 144.86836001  13.58932985  201.930
2017282 144.86836001  13.58932984  201.913
2017283 144.86836001  13.58932982  201.931
2017284 144.86836004  13.58932978  201.917
2017285 144.86836001  13.58932985  201.911
2017286 144.86836000  13.58932979  201.910
2017287 144.86836003  13.58932984  201.910
2017288 144.86836004  13.58932981  201.924
2017289 144.86836010  13.58932985  201.905
2017290 144.86836005  13.58932983  201.923
2017291 144.86836000  13.58932977  201.924
2017292 144.86836007  13.58932987  201.925
2017293 144.86835997  13.58932981  201.915
2017294 144.86836004  13.58932983  201.919
2017295 144.86836008  13.58932981  201.932
2017296 144.86836002  13.58932987  201.914
2017297 144.86836005  13.58932984  201.922
2017298 144.86836002  13.58932983  201.934
2017299 144.86835999  13.58932983  201.923
2017300 144.86835999  13.58932983  201.913
2017301 144.86835991  13.58932977  201.923
2017302 144.86835997  13.58932982  201.918
2017303 144.86835997  13.58932983  201.928
2017304 144.86835988  13.58932979  201.932
