2016306 147.43873636  42.80470671   41.059
2016307 147.43873636  42.80470671   41.056
2016308 147.43873640  42.80470675   41.075
2016309 147.43873637  42.80470671   41.060
2016310 147.43873638  42.80470672   41.050
2016311 147.43873639  42.80470674   41.060
2016312 147.43873637  42.80470671   41.049
2016313 147.43873639  42.80470673   41.052
2016314 147.43873639  42.80470674   41.049
2016315 147.43873637  42.80470672   41.073
2016316 147.43873637  42.80470673   41.058
2016317 147.43873637  42.80470671   41.050
2016318 147.43873636  42.80470671   41.041
2016319 147.43873637  42.80470670   41.055
2016320 147.43873639  42.80470670   41.060
2016321 147.43873638  42.80470670   41.058
2016322 147.43873639  42.80470670   41.064
2016323 147.43873640  42.80470671   41.068
2016324 147.43873637  42.80470670   41.045
2016325 147.43873639  42.80470671   41.064
2016326 147.43873638  42.80470671   41.058
2016327 147.43873637  42.80470670   41.052
2016328 147.43873637  42.80470669   41.050
2016329 147.43873640  42.80470673   41.056
2016330 147.43873637  42.80470669   41.068
2016331 147.43873639  42.80470670   41.058
2016332 147.43873637  42.80470667   41.053
2016333 147.43873639  42.80470669   41.058
2016334 147.43873638  42.80470668   41.061
2016335 147.43873638  42.80470667   41.066
2016336 147.43873638  42.80470668   41.073
2016337 147.43873635  42.80470665   41.061
2016338 147.43873639  42.80470669   41.061
2016339 147.43873636  42.80470667   41.041
2016340 147.43873637  42.80470668   41.053
2016341 147.43873635  42.80470665   41.057
2016342 147.43873638  42.80470668   41.064
2016343 147.43873638  42.80470667   41.056
2016344 147.43873638  42.80470668   41.053
2016345 147.43873638  42.80470668   41.068
2016346 147.43873640  42.80470668   41.063
2016347 147.43873640  42.80470666   41.065
2016348 147.43873638  42.80470668   41.050
2016349 147.43873639  42.80470669   41.059
2016350 147.43873639  42.80470669   41.068
2016351 147.43873637  42.80470667   41.055
2016352 147.43873640  42.80470668   41.057
2016353 147.43873639  42.80470666   41.060
2016354 147.43873636  42.80470661   41.046
2016355 147.43873637  42.80470664   41.047
2016356 147.43873640  42.80470668   41.057
2016357 147.43873639  42.80470666   41.058
2016358 147.43873640  42.80470668   41.059
2016359 147.43873638  42.80470666   41.049
2016360 147.43873639  42.80470665   41.060
2016361 147.43873641  42.80470667   41.054
2016362 147.43873638  42.80470664   41.069
2016363 147.43873641  42.80470666   41.078
2016364 147.43873639  42.80470665   41.058
2016365 147.43873639  42.80470665   41.061
2016366 147.43873641  42.80470664   41.055
2017001 147.43873638  42.80470666   41.060
2017002 147.43873639  42.80470665   41.054
2017003 147.43873640  42.80470664   41.057
2017004 147.43873640  42.80470665   41.058
2017005 147.43873636  42.80470663   41.057
2017006 147.43873641  42.80470665   41.057
2017007 147.43873638  42.80470663   41.059
2017008 147.43873640  42.80470665   41.058
2017009 147.43873638  42.80470663   41.048
2017010 147.43873640  42.80470663   41.058
2017011 147.43873642  42.80470665   41.056
2017012 147.43873640  42.80470664   41.055
2017013 147.43873640  42.80470664   41.059
2017014 147.43873640  42.80470662   41.059
2017015 147.43873641  42.80470664   41.063
2017016 147.43873641  42.80470664   41.049
2017017 147.43873641  42.80470663   41.058
2017018 147.43873642  42.80470664   41.056
2017019 147.43873640  42.80470663   41.060
2017020 147.43873640  42.80470660   41.070
2017021 147.43873639  42.80470661   41.052
2017022 147.43873639  42.80470661   41.056
2017023 147.43873640  42.80470661   41.057
2017024 147.43873642  42.80470661   41.070
2017025 147.43873639  42.80470660   41.060
2017026 147.43873641  42.80470660   41.061
2017027 147.43873639  42.80470659   41.059
2017028 147.43873641  42.80470663   41.059
2017029 147.43873640  42.80470662   41.055
2017030 147.43873637  42.80470659   41.055
2017031 147.43873639  42.80470659   41.059
2017032 147.43873641  42.80470660   41.064
2017033 147.43873642  42.80470661   41.059
2017034 147.43873642  42.80470658   41.070
2017035 147.43873643  42.80470659   41.065
2017036 147.43873639  42.80470658   41.049
2017037 147.43873644  42.80470663   41.067
2017038 147.43873642  42.80470660   41.055
2017039 147.43873641  42.80470658   41.053
2017040 147.43873642  42.80470659   41.060
2017041 147.43873640  42.80470658   41.055
2017042 147.43873641  42.80470659   41.057
2017043 147.43873640  42.80470656   41.051
2017044 147.43873641  42.80470659   41.060
2017045 147.43873644  42.80470662   41.061
2017046 147.43873639  42.80470656   41.046
2017047 147.43873637  42.80470654   41.051
2017048 147.43873639  42.80470655   41.049
2017049 147.43873642  42.80470657   41.050
2017050 147.43873641  42.80470658   41.056
2017051 147.43873640  42.80470657   41.056
2017052 147.43873640  42.80470656   41.062
2017053 147.43873641  42.80470656   41.057
2017054 147.43873639  42.80470657   41.053
2017055 147.43873641  42.80470657   41.055
2017056 147.43873638  42.80470655   41.064
2017057 147.43873643  42.80470656   41.063
2017058 147.43873640  42.80470655   41.047
2017059 147.43873640  42.80470656   41.052
2017060 147.43873639  42.80470656   41.053
2017061 147.43873642  42.80470657   41.063
2017062 147.43873639  42.80470654   41.061
2017063 147.43873640  42.80470653   41.050
2017064 147.43873642  42.80470657   41.057
2017065 147.43873643  42.80470656   41.056
2017066 147.43873641  42.80470656   41.066
2017067 147.43873644  42.80470657   41.065
2017068 147.43873645  42.80470659   41.070
2017069 147.43873642  42.80470655   41.059
2017070 147.43873642  42.80470654   41.051
2017071 147.43873640  42.80470653   41.054
2017072 147.43873641  42.80470654   41.059
2017073 147.43873642  42.80470655   41.056
2017074 147.43873642  42.80470655   41.061
2017075 147.43873641  42.80470654   41.059
2017076 147.43873644  42.80470655   41.064
2017077 147.43873642  42.80470653   41.057
2017078 147.43873642  42.80470653   41.058
2017079 147.43873642  42.80470652   41.050
2017080 147.43873643  42.80470653   41.045
2017081 147.43873640  42.80470651   41.053
2017082 147.43873641  42.80470653   41.055
2017083 147.43873643  42.80470652   41.053
2017084 147.43873640  42.80470652   41.046
2017085 147.43873644  42.80470654   41.067
2017086 147.43873645  42.80470654   41.058
2017087 147.43873639  42.80470648   41.044
2017088 147.43873642  42.80470652   41.065
2017089 147.43873643  42.80470651   41.059
2017090 147.43873642  42.80470653   41.066
2017091 147.43873642  42.80470650   41.055
2017092 147.43873645  42.80470653   41.062
2017093 147.43873643  42.80470650   41.057
2017094 147.43873643  42.80470650   41.049
2017095 147.43873645  42.80470651   41.052
2017096 147.43873645  42.80470651   41.053
2017097 147.43873643  42.80470650   41.057
2017098 147.43873644  42.80470652   41.061
2017099 147.43873645  42.80470651   41.061
2017100 147.43873645  42.80470651   41.061
2017101 147.43873645  42.80470653   41.067
2017102 147.43873644  42.80470651   41.062
2017103 147.43873644  42.80470651   41.067
2017104 147.43873646  42.80470653   41.070
2017105 147.43873644  42.80470651   41.055
2017106 147.43873643  42.80470647   41.056
2017107 147.43873646  42.80470651   41.058
2017108 147.43873646  42.80470650   41.057
2017109 147.43873645  42.80470648   41.072
2017110 147.43873647  42.80470650   41.057
2017111 147.43873647  42.80470652   41.063
2017112 147.43873646  42.80470650   41.065
2017113 147.43873645  42.80470649   41.058
2017114 147.43873644  42.80470648   41.058
2017115 147.43873645  42.80470649   41.054
2017116 147.43873643  42.80470647   41.055
2017117 147.43873648  42.80470649   41.071
2017118 147.43873647  42.80470650   41.067
2017119 147.43873643  42.80470647   41.060
2017120 147.43873644  42.80470646   41.061
2017121 147.43873646  42.80470650   41.066
2017122 147.43873642  42.80470644   41.052
2017123 147.43873646  42.80470648   41.055
2017124 147.43873645  42.80470647   41.054
2017125 147.43873646  42.80470646   41.053
2017126 147.43873658  42.80470645   41.045
2017127 147.43873648  42.80470650   41.069
2017128 147.43873645  42.80470648   41.068
2017129 147.43873646  42.80470646   41.065
2017130 147.43873646  42.80470648   41.065
2017131 147.43873646  42.80470646   41.064
2017132 147.43873645  42.80470647   41.060
2017133 147.43873647  42.80470649   41.074
2017134 147.43873648  42.80470647   41.056
2017135 147.43873649  42.80470649   41.067
2017136 147.43873642  42.80470644   41.057
2017137 147.43873646  42.80470589   41.139
2017138 147.43873644  42.80470645   41.059
2017139 147.43873646  42.80470646   41.053
2017140 147.43873648  42.80470646   41.062
2017141 147.43873645  42.80470646   41.068
2017142 147.43873646  42.80470646   41.058
2017143 147.43873646  42.80470645   41.050
2017144 147.43873647  42.80470647   41.068
2017145 147.43873647  42.80470645   41.072
2017146 147.43873648  42.80470649   41.069
2017147 147.43873646  42.80470645   41.053
2017148 147.43873650  42.80470646   41.071
2017149 147.43873646  42.80470644   41.057
2017150 147.43873648  42.80470644   41.063
2017151 147.43873646  42.80470643   41.057
2017152 147.43873647  42.80470646   41.056
2017153 147.43873646  42.80470646   41.063
2017154 147.43873647  42.80470645   41.065
2017155 147.43873648  42.80470646   41.057
2017156 147.43873649  42.80470645   41.064
2017157 147.43873645  42.80470644   41.057
2017158 147.43873648  42.80470643   41.064
2017159 147.43873648  42.80470644   41.061
2017160 147.43873648  42.80470643   41.064
2017161 147.43873648  42.80470640   41.058
2017162 147.43873649  42.80470642   41.058
2017163 147.43873648  42.80470641   41.056
2017164 147.43873649  42.80470644   41.048
2017165 147.43873648  42.80470643   41.053
2017166 147.43873645  42.80470642   41.053
2017167 147.43873647  42.80470643   41.055
2017168 147.43873647  42.80470643   41.057
2017169 147.43873647  42.80470641   41.051
2017170 147.43873649  42.80470643   41.066
2017171 147.43873645  42.80470640   41.043
2017172 147.43873650  42.80470644   41.056
2017173 147.43873649  42.80470642   41.058
2017174 147.43873648  42.80470637   41.070
2017175 147.43873648  42.80470639   41.067
2017176 147.43873649  42.80470641   41.057
2017177 147.43873649  42.80470638   41.052
2017178 147.43873648  42.80470638   41.058
2017179 147.43873649  42.80470643   41.052
2017180 147.43873649  42.80470640   41.060
2017181 147.43873648  42.80470641   41.051
2017182 147.43873649  42.80470643   41.047
2017183 147.43873649  42.80470638   41.065
2017184 147.43873647  42.80470638   41.061
2017185 147.43873648  42.80470639   41.061
2017186 147.43873650  42.80470643   41.057
2017187 147.43873648  42.80470640   41.069
2017188 147.43873648  42.80470638   41.054
2017189 147.43873650  42.80470641   41.061
2017190 147.43873647  42.80470638   41.050
2017191 147.43873648  42.80470640   41.041
2017192 147.43873649  42.80470641   41.050
2017193 147.43873650  42.80470640   41.056
2017194 147.43873648  42.80470636   41.044
2017195 147.43873648  42.80470638   41.052
2017196 147.43873649  42.80470640   41.056
2017197 147.43873648  42.80470634   41.055
2017198 147.43873652  42.80470638   41.061
2017199 147.43873650  42.80470639   41.047
2017200 147.43873650  42.80470640   41.067
2017201 147.43873650  42.80470636   41.048
2017202 147.43873651  42.80470636   41.049
2017203 147.43873648  42.80470634   41.059
2017204 147.43873647  42.80470635   41.051
2017205 147.43873651  42.80470635   41.055
2017206 147.43873651  42.80470635   41.057
2017207 147.43873649  42.80470634   41.051
2017208 147.43873648  42.80470635   41.058
2017209 147.43873647  42.80470634   41.046
2017210 147.43873648  42.80470633   41.046
2017211 147.43873650  42.80470636   41.059
2017212 147.43873648  42.80470636   41.051
2017213 147.43873649  42.80470636   41.049
2017214 147.43873646  42.80470636   41.049
2017215 147.43873648  42.80470636   41.046
2017216 147.43873647  42.80470634   41.048
2017217 147.43873646  42.80470631   41.047
2017218 147.43873650  42.80470636   41.053
2017219 147.43873649  42.80470634   41.062
2017220 147.43873650  42.80470634   41.048
2017221 147.43873651  42.80470632   41.058
2017222 147.43873647  42.80470632   41.056
2017223 147.43873649  42.80470633   41.059
2017224 147.43873651  42.80470635   41.073
2017225 147.43873650  42.80470633   41.069
2017226 147.43873650  42.80470635   41.067
2017227 147.43873649  42.80470632   41.053
2017228 147.43873648  42.80470634   41.054
2017229 147.43873652  42.80470635   41.059
2017230 147.43873649  42.80470630   41.050
2017231 147.43873650  42.80470634   41.056
2017232 147.43873651  42.80470634   41.062
2017233 147.43873651  42.80470631   41.065
2017234 147.43873651  42.80470634   41.068
2017235 147.43873649  42.80470633   41.053
2017236 147.43873649  42.80470633   41.058
2017237 147.43873650  42.80470633   41.056
2017238 147.43873649  42.80470630   41.061
2017239 147.43873649  42.80470633   41.061
2017240 147.43873652  42.80470631   41.061
2017241 147.43873650  42.80470630   41.062
2017242 147.43873652  42.80470633   41.062
2017243 147.43873652  42.80470631   41.067
2017244 147.43873652  42.80470631   41.070
2017245 147.43873652  42.80470631   41.070
2017246 147.43873652  42.80470631   41.062
2017247 147.43873650  42.80470628   41.051
2017248 147.43873650  42.80470628   41.059
2017249 147.43873649  42.80470631   41.047
2017250 147.43873649  42.80470629   41.045
2017251 147.43873652  42.80470631   41.058
2017252 147.43873649  42.80470630   41.055
2017253 147.43873649  42.80470629   41.064
2017254 147.43873649  42.80470628   41.044
2017255 147.43873650  42.80470628   41.057
2017256 147.43873651  42.80470628   41.059
2017257 147.43873653  42.80470630   41.059
2017258 147.43873652  42.80470628   41.066
2017259 147.43873649  42.80470629   41.058
2017260 147.43873650  42.80470630   41.065
2017261 147.43873651  42.80470628   41.057
2017262 147.43873649  42.80470628   41.058
2017263 147.43873604  42.80470578   41.129
2017264 147.43873649  42.80470628   41.063
2017265 147.43873651  42.80470628   41.062
2017266 147.43873651  42.80470628   41.054
2017267 147.43873652  42.80470629   41.068
2017268 147.43873653  42.80470628   41.062
2017269 147.43873651  42.80470627   41.060
2017270 147.43873653  42.80470628   41.062
2017271 147.43873651  42.80470627   41.059
2017272 147.43873653  42.80470627   41.064
2017273 147.43873651  42.80470627   41.055
2017274 147.43873651  42.80470628   41.062
2017275 147.43873651  42.80470626   41.054
2017276 147.43873653  42.80470629   41.066
2017277 147.43873649  42.80470626   41.053
2017278 147.43873650  42.80470626   41.059
2017279 147.43873653  42.80470624   41.060
2017280 147.43873653  42.80470627   41.059
2017281 147.43873651  42.80470625   41.065
2017282 147.43873653  42.80470628   41.067
2017283 147.43873653  42.80470626   41.065
2017284 147.43873652  42.80470624   41.062
2017285 147.43873652  42.80470626   41.060
2017286 147.43873652  42.80470623   41.053
2017287 147.43873653  42.80470625   41.058
2017288 147.43873653  42.80470625   41.061
2017289 147.43873651  42.80470624   41.048
2017290 147.43873651  42.80470622   41.048
2017291 147.43873654  42.80470624   41.055
2017292 147.43873652  42.80470623   41.058
2017293 147.43873653  42.80470622   41.049
2017294 147.43873654  42.80470625   41.060
2017295 147.43873653  42.80470623   41.057
2017296 147.43873652  42.80470623   41.053
2017297 147.43873655  42.80470625   41.066
2017298 147.43873655  42.80470624   41.056
2017299 147.43873654  42.80470623   41.053
2017300 147.43873653  42.80470622   41.053
2017301 147.43873654  42.80470621   41.055
2017302 147.43873652  42.80470620   41.057
2017303 147.43873654  42.80470622   41.054
2017304 147.43873656  42.80470622   41.060
