2016313 120.78202073  21.94942470   58.373
2016314 120.78202073  21.94942471   58.391
2016315 120.78202075  21.94942469   58.377
2016316 120.78202073  21.94942470   58.385
2016317 120.78202081  21.94942470   58.383
2016318 120.78202076  21.94942471   58.389
2016319 120.78202079  21.94942468   58.380
2016320 120.78202089  21.94942477   58.355
2016321 120.78202080  21.94942477   58.370
2016322 120.78202079  21.94942473   58.388
2016323 120.78202079  21.94942472   58.383
2016324 120.78202076  21.94942475   58.384
2016325 120.78202077  21.94942473   58.385
2016326 120.78202078  21.94942470   58.378
2016327 120.78202080  21.94942470   58.392
2016328 120.78202075  21.94942470   58.380
2016329 120.78202076  21.94942470   58.379
2016330 120.78202072  21.94942474   58.365
2016331 120.78202079  21.94942473   58.394
2016332 120.78202072  21.94942468   58.393
2016333 120.78202073  21.94942467   58.381
2016334 120.78202079  21.94942473   58.381
2016335 120.78202080  21.94942470   58.385
2016336 120.78202072  21.94942468   58.382
2016337 120.78202080  21.94942471   58.372
2016338 120.78202082  21.94942475   58.379
2016339 120.78202078  21.94942470   58.387
2016340 120.78202079  21.94942473   58.376
2016341 120.78202077  21.94942469   58.392
2016342 120.78202074  21.94942468   58.386
2016343 120.78202078  21.94942471   58.384
2016344 120.78202066  21.94942469   58.387
2016345 120.78202069  21.94942467   58.369
2016346 120.78202077  21.94942470   58.368
2016347 120.78202080  21.94942470   58.384
2016348 120.78202078  21.94942470   58.379
2016349 120.78202075  21.94942470   58.371
2016350 120.78202071  21.94942468   58.389
2016351 120.78202068  21.94942466   58.393
2016352 120.78202069  21.94942469   58.388
2016353 120.78202074  21.94942470   58.382
2016354 120.78202074  21.94942469   58.377
2016355 120.78202081  21.94942476   58.368
2016356 120.78202072  21.94942468   58.388
2016357 120.78202073  21.94942468   58.397
2016358 120.78202073  21.94942469   58.393
2016359 120.78202079  21.94942472   58.390
2016360 120.78202078  21.94942475   58.373
2016361 120.78202070  21.94942473   58.389
2016362 120.78202076  21.94942464   58.403
2016363 120.78202069  21.94942464   58.394
2016364 120.78202067  21.94942466   58.398
2016365 120.78202070  21.94942468   58.396
2016366 120.78202074  21.94942468   58.380
2017001 120.78202073  21.94942469   58.386
2017002 120.78202072  21.94942469   58.383
2017003 120.78202073  21.94942468   58.377
2017004 120.78202070  21.94942469   58.386
2017005 120.78202073  21.94942468   58.383
2017006 120.78202073  21.94942466   58.384
2017007 120.78202072  21.94942466   58.392
2017008 120.78202073  21.94942468   58.388
2017009 120.78202074  21.94942470   58.392
2017010 120.78202073  21.94942470   58.383
2017011 120.78202075  21.94942471   58.397
2017012 120.78202076  21.94942470   58.397
2017013 120.78202075  21.94942471   58.390
2017014 120.78202072  21.94942469   58.398
2017015 120.78202072  21.94942471   58.394
2017016 120.78202071  21.94942471   58.386
2017017 120.78202074  21.94942472   58.398
2017018 120.78202068  21.94942470   58.400
2017019 120.78202071  21.94942470   58.388
2017020 120.78202072  21.94942468   58.381
2017021 120.78202074  21.94942467   58.390
2017022 120.78202069  21.94942467   58.390
2017023 120.78202069  21.94942467   58.390
2017024 120.78202076  21.94942469   58.393
2017025 120.78202066  21.94942471   58.388
2017026 120.78202067  21.94942466   58.390
2017027 120.78202066  21.94942465   58.389
2017028 120.78202068  21.94942468   58.397
2017029 120.78202070  21.94942468   58.392
2017030 120.78202061  21.94942466   58.390
2017031 120.78202076  21.94942468   58.399
2017032 120.78202069  21.94942468   58.394
2017033 120.78202068  21.94942466   58.391
2017034 120.78202070  21.94942467   58.390
2017035 120.78202068  21.94942466   58.395
2017036 120.78202065  21.94942468   58.381
2017037 120.78202071  21.94942468   58.384
2017038 120.78202068  21.94942472   58.380
2017039 120.78202071  21.94942468   58.395
2017040 120.78202073  21.94942467   58.392
2017041 120.78202073  21.94942469   58.395
2017042 120.78202071  21.94942469   58.386
2017043 120.78202068  21.94942465   58.384
2017044 120.78202061  21.94942467   58.393
2017045 120.78202068  21.94942468   58.393
2017046 120.78202068  21.94942465   58.393
2017047 120.78202066  21.94942465   58.392
2017048 120.78202073  21.94942466   58.384
2017049 120.78202067  21.94942468   58.392
2017050 120.78202069  21.94942471   58.384
2017051 120.78202068  21.94942465   58.385
2017052 120.78202074  21.94942467   58.388
2017053 120.78202073  21.94942470   58.389
2017054 120.78202072  21.94942470   58.393
2017055 120.78202072  21.94942471   58.395
2017056 120.78202073  21.94942471   58.387
2017057 120.78202071  21.94942469   58.391
2017058 120.78202075  21.94942471   58.379
2017059 120.78202069  21.94942468   58.396
2017060 120.78202068  21.94942466   58.396
2017061 120.78202067  21.94942465   58.391
2017062 120.78202070  21.94942469   58.390
2017063 120.78202068  21.94942465   58.390
2017064 120.78202069  21.94942467   58.394
2017065 120.78202066  21.94942466   58.388
2017066 120.78202068  21.94942467   58.394
2017067 120.78202072  21.94942469   58.394
2017068 120.78202074  21.94942471   58.389
2017069 120.78202071  21.94942470   58.399
2017070 120.78202074  21.94942470   58.389
2017071 120.78202077  21.94942468   58.386
2017072 120.78202076  21.94942472   58.378
2017073 120.78202069  21.94942466   58.395
2017074 120.78202070  21.94942466   58.389
2017075 120.78202069  21.94942467   58.396
2017076 120.78202068  21.94942466   58.402
2017077 120.78202067  21.94942466   58.391
2017078 120.78202072  21.94942467   58.389
2017079 120.78202073  21.94942467   58.395
2017080 120.78202069  21.94942468   58.387
2017081 120.78202064  21.94942470   58.404
2017082 120.78202066  21.94942466   58.390
2017083 120.78202067  21.94942465   58.398
2017084 120.78202068  21.94942465   58.388
2017085 120.78202067  21.94942465   58.394
2017086 120.78202071  21.94942475   58.390
2017087 120.78202074  21.94942469   58.401
2017088 120.78202074  21.94942471   58.392
2017089 120.78202073  21.94942468   58.394
2017090 120.78202076  21.94942470   58.388
2017091 120.78202070  21.94942468   58.385
2017093 120.78202073  21.94942468   58.391
2017094 120.78202065  21.94942467   58.385
2017095 120.78202065  21.94942465   58.386
2017096 120.78202063  21.94942467   58.392
2017097 120.78202066  21.94942467   58.395
2017098 120.78202064  21.94942465   58.395
2017099 120.78202065  21.94942467   58.379
2017100 120.78202068  21.94942467   58.384
2017101 120.78202071  21.94942468   58.391
2017102 120.78202074  21.94942470   58.389
2017103 120.78202074  21.94942466   58.388
2017104 120.78202070  21.94942470   58.394
2017105 120.78202069  21.94942468   58.386
2017106 120.78202071  21.94942468   58.375
2017107 120.78202078  21.94942473   58.382
2017108 120.78202074  21.94942469   58.390
2017109 120.78202067  21.94942470   58.383
2017110 120.78202064  21.94942465   58.377
2017111 120.78202072  21.94942468   58.385
2017112 120.78202069  21.94942466   58.397
2017113 120.78202070  21.94942468   58.393
2017114 120.78202073  21.94942469   58.392
2017115 120.78202070  21.94942470   58.393
2017116 120.78202071  21.94942469   58.398
2017117 120.78202067  21.94942468   58.399
2017118 120.78202069  21.94942467   58.391
2017119 120.78202071  21.94942470   58.397
2017120 120.78202069  21.94942467   58.391
2017121 120.78202071  21.94942470   58.398
2017122 120.78202071  21.94942467   58.394
2017123 120.78202069  21.94942466   58.399
2017124 120.78202065  21.94942465   58.400
2017125 120.78202066  21.94942464   58.398
2017126 120.78202062  21.94942468   58.391
2017127 120.78202065  21.94942468   58.393
2017128 120.78202056  21.94942466   58.396
2017129 120.78202068  21.94942465   58.395
2017130 120.78202071  21.94942469   58.390
2017131 120.78202069  21.94942472   58.388
2017132 120.78202073  21.94942467   58.390
2017133 120.78202071  21.94942471   58.393
2017134 120.78202069  21.94942467   58.398
2017135 120.78202069  21.94942468   58.396
2017136 120.78202069  21.94942469   58.395
2017137 120.78202069  21.94942468   58.395
2017138 120.78202073  21.94942469   58.391
2017139 120.78202068  21.94942469   58.382
2017140 120.78202074  21.94942469   58.389
2017141 120.78202071  21.94942471   58.395
2017142 120.78202069  21.94942468   58.392
2017143 120.78202070  21.94942468   58.387
2017144 120.78202074  21.94942463   58.394
2017145 120.78202071  21.94942465   58.399
2017146 120.78202067  21.94942472   58.401
2017147 120.78202069  21.94942469   58.395
2017148 120.78202069  21.94942468   58.393
2017149 120.78202071  21.94942473   58.392
2017150 120.78202068  21.94942472   58.398
2017151 120.78202074  21.94942469   58.376
2017152 120.78202071  21.94942470   58.391
2017153 120.78202072  21.94942470   58.371
2017154 120.78202071  21.94942466   58.388
2017155 120.78202073  21.94942467   58.396
2017156 120.78202067  21.94942469   58.400
2017157 120.78202071  21.94942472   58.387
2017158 120.78202069  21.94942468   58.415
2017159 120.78202065  21.94942465   58.400
2017160 120.78202061  21.94942470   58.404
2017161 120.78202064  21.94942468   58.393
2017162 120.78202071  21.94942466   58.395
2017163 120.78202067  21.94942466   58.397
2017164 120.78202071  21.94942465   58.386
2017165 120.78202072  21.94942467   58.395
2017166 120.78202066  21.94942470   58.392
2017167 120.78202068  21.94942465   58.393
2017168 120.78202069  21.94942462   58.390
2017169 120.78202068  21.94942465   58.393
2017170 120.78202068  21.94942464   58.384
2017171 120.78202063  21.94942465   58.396
2017172 120.78202062  21.94942467   58.393
2017173 120.78202069  21.94942470   58.395
2017174 120.78202062  21.94942468   58.394
2017175 120.78202064  21.94942463   58.392
2017176 120.78202063  21.94942468   58.379
2017177 120.78202064  21.94942467   58.392
2017178 120.78202059  21.94942466   58.398
2017179 120.78202063  21.94942468   58.398
2017180 120.78202068  21.94942469   58.398
2017181 120.78202071  21.94942470   58.394
2017182 120.78202069  21.94942467   58.399
2017183 120.78202064  21.94942481   58.393
2017184 120.78202070  21.94942472   58.384
2017185 120.78202070  21.94942466   58.393
2017186 120.78202064  21.94942466   58.389
2017187 120.78202062  21.94942464   58.380
2017188 120.78202063  21.94942468   58.393
2017189 120.78202059  21.94942467   58.399
2017190 120.78202058  21.94942465   58.388
2017191 120.78202068  21.94942469   58.397
2017192 120.78202068  21.94942467   58.406
2017193 120.78202065  21.94942467   58.397
2017194 120.78202061  21.94942465   58.382
2017195 120.78202067  21.94942467   58.386
2017196 120.78202069  21.94942468   58.401
2017197 120.78202068  21.94942470   58.379
2017198 120.78202068  21.94942467   58.387
2017199 120.78202068  21.94942467   58.390
2017200 120.78202065  21.94942467   58.380
2017201 120.78202066  21.94942466   58.385
2017202 120.78202063  21.94942462   58.386
2017203 120.78202063  21.94942467   58.381
2017204 120.78202063  21.94942465   58.401
2017205 120.78202064  21.94942468   58.380
2017206 120.78202063  21.94942465   58.407
2017207 120.78202060  21.94942467   58.403
2017208 120.78202064  21.94942467   58.384
2017209 120.78202069  21.94942469   58.385
2017210 120.78202067  21.94942467   58.394
2017211 120.78202066  21.94942471   58.383
2017212 120.78202068  21.94942469   58.402
2017213 120.78202074  21.94942468   58.379
2017214 120.78202072  21.94942470   58.396
2017215 120.78202064  21.94942468   58.379
2017216 120.78202063  21.94942466   58.394
2017217 120.78202065  21.94942467   58.382
2017218 120.78202065  21.94942470   58.399
2017219 120.78202066  21.94942468   58.392
2017220 120.78202061  21.94942467   58.394
2017221 120.78202065  21.94942465   58.378
2017222 120.78202061  21.94942467   58.391
2017223 120.78202070  21.94942470   58.389
2017224 120.78202065  21.94942468   58.391
2017225 120.78202070  21.94942472   58.383
2017226 120.78202069  21.94942472   58.386
2017227 120.78202066  21.94942469   58.394
2017228 120.78202068  21.94942464   58.383
2017229 120.78202060  21.94942466   58.400
2017230 120.78202065  21.94942465   58.402
2017231 120.78202059  21.94942466   58.384
2017232 120.78202063  21.94942473   58.394
2017233 120.78202068  21.94942467   58.391
2017234 120.78202058  21.94942466   58.391
2017235 120.78202062  21.94942468   58.386
2017236 120.78202061  21.94942467   58.392
2017237 120.78202062  21.94942468   58.395
2017238 120.78202067  21.94942468   58.386
2017239 120.78202064  21.94942465   58.377
2017240 120.78202062  21.94942469   58.372
2017241 120.78202061  21.94942463   58.404
2017242 120.78202066  21.94942467   58.382
2017243 120.78202067  21.94942467   58.373
2017244 120.78202069  21.94942467   58.381
2017245 120.78202068  21.94942468   58.387
2017246 120.78202072  21.94942466   58.389
2017247 120.78202070  21.94942463   58.374
2017248 120.78202066  21.94942470   58.381
2017249 120.78202063  21.94942472   58.390
2017250 120.78202064  21.94942468   58.383
2017251 120.78202064  21.94942468   58.400
2017252 120.78202067  21.94942467   58.386
2017253 120.78202064  21.94942471   58.386
2017254 120.78202067  21.94942474   58.404
2017255 120.78202069  21.94942470   58.385
2017256 120.78202067  21.94942468   58.394
2017257 120.78202068  21.94942467   58.404
2017258 120.78202071  21.94942467   58.382
2017259 120.78202061  21.94942465   58.380
2017260 120.78202065  21.94942469   58.394
2017261 120.78202064  21.94942472   58.400
2017262 120.78202068  21.94942472   58.398
2017263 120.78202065  21.94942469   58.397
2017264 120.78202066  21.94942468   58.386
2017265 120.78202069  21.94942469   58.381
2017266 120.78202079  21.94942466   58.369
2017267 120.78202070  21.94942466   58.393
2017268 120.78202067  21.94942466   58.387
2017269 120.78202065  21.94942470   58.396
2017270 120.78202064  21.94942465   58.393
2017271 120.78202064  21.94942468   58.383
2017272 120.78202065  21.94942477   58.377
2017273 120.78202066  21.94942470   58.381
2017274 120.78202066  21.94942471   58.382
2017275 120.78202064  21.94942468   58.391
2017276 120.78202064  21.94942466   58.377
2017277 120.78202063  21.94942464   58.372
2017278 120.78202065  21.94942467   58.398
2017279 120.78202063  21.94942466   58.391
2017280 120.78202059  21.94942465   58.393
2017281 120.78202058  21.94942463   58.386
2017282 120.78202057  21.94942463   58.380
2017283 120.78202070  21.94942461   58.415
2017284 120.78202060  21.94942467   58.399
2017285 120.78202061  21.94942461   58.408
2017286 120.78202062  21.94942464   58.372
2017287 120.78202061  21.94942469   58.408
2017288 120.78202062  21.94942464   58.408
2017289 120.78202064  21.94942469   58.395
2017290 120.78202066  21.94942470   58.409
2017291 120.78202066  21.94942465   58.400
2017292 120.78202068  21.94942468   58.408
2017293 120.78202060  21.94942467   58.389
2017294 120.78202061  21.94942468   58.401
2017295 120.78202060  21.94942467   58.396
2017296 120.78202059  21.94942465   58.396
2017297 120.78202060  21.94942466   58.397
2017298 120.78202064  21.94942466   58.396
2017299 120.78202061  21.94942468   58.394
2017300 120.78202061  21.94942465   58.397
2017301 120.78202060  21.94942463   58.389
2017302 120.78202052  21.94942462   58.397
2017303 120.78202054  21.94942465   58.395
2017304 120.78202055  21.94942467   58.392
