2016306 121.07772866  14.63572048   95.579
2016307 121.07772866  14.63572043   95.574
2016308 121.07772862  14.63572053   95.546
2016309 121.07772865  14.63572047   95.542
2016310 121.07772864  14.63572049   95.559
2016311 121.07772862  14.63572046   95.561
2016312 121.07772864  14.63572044   95.560
2016313 121.07772863  14.63572045   95.559
2016314 121.07772862  14.63572049   95.559
2016315 121.07772859  14.63572043   95.567
2016316 121.07772859  14.63572046   95.555
2016317 121.07772865  14.63572051   95.562
2016318 121.07772864  14.63572049   95.548
2016319 121.07772864  14.63572047   95.564
2016320 121.07772863  14.63572042   95.561
2016321 121.07772862  14.63572047   95.563
2016322 121.07772866  14.63572047   95.574
2016323 121.07772863  14.63572048   95.561
2016324 121.07772864  14.63572048   95.551
2016325 121.07772864  14.63572046   95.551
2016326 121.07772865  14.63572047   95.543
2016327 121.07772866  14.63572046   95.584
2016328 121.07772862  14.63572045   95.566
2016329 121.07772858  14.63572046   95.547
2016330 121.07772859  14.63572045   95.558
2016331 121.07772864  14.63572048   95.562
2016332 121.07772862  14.63572046   95.563
2016333 121.07772862  14.63572044   95.560
2016334 121.07772866  14.63572051   95.558
2016335 121.07772865  14.63572044   95.557
2016336 121.07772863  14.63572046   95.575
2016337 121.07772866  14.63572048   95.541
2016338 121.07772863  14.63572050   95.568
2016339 121.07772868  14.63572047   95.519
2016340 121.07772869  14.63572044   95.553
2016341 121.07772867  14.63572049   95.561
2016342 121.07772859  14.63572047   95.558
2016343 121.07772859  14.63572045   95.566
2016344 121.07772862  14.63572046   95.567
2016345 121.07772865  14.63572046   95.553
2016346 121.07772861  14.63572049   95.555
2016347 121.07772861  14.63572049   95.579
2016348 121.07772866  14.63572046   95.556
2016349 121.07772862  14.63572049   95.560
2016350 121.07772857  14.63572044   95.558
2016351 121.07772863  14.63572044   95.563
2016352 121.07772859  14.63572047   95.564
2016353 121.07772859  14.63572042   95.544
2016354 121.07772863  14.63572042   95.555
2016355 121.07772865  14.63572046   95.558
2016356 121.07772860  14.63572046   95.548
2016357 121.07772862  14.63572050   95.570
2016358 121.07772863  14.63572048   95.563
2016359 121.07772860  14.63572051   95.570
2016360 121.07772866  14.63572047   95.551
2016361 121.07772859  14.63572046   95.567
2016362 121.07772861  14.63572047   95.561
2016363 121.07772856  14.63572044   95.563
2016364 121.07772862  14.63572040   95.550
2016365 121.07772857  14.63572043   95.571
2016366 121.07772863  14.63572039   95.557
2017001 121.07772859  14.63572044   95.564
2017002 121.07772861  14.63572045   95.558
2017003 121.07772858  14.63572046   95.545
2017004 121.07772859  14.63572044   95.551
2017005 121.07772864  14.63572044   95.549
2017006 121.07772861  14.63572046   95.554
2017007 121.07772860  14.63572044   95.549
2017008 121.07772860  14.63572046   95.555
2017009 121.07772861  14.63572050   95.548
2017010 121.07772860  14.63572045   95.555
2017011 121.07772858  14.63572048   95.561
2017012 121.07772866  14.63572048   95.555
2017013 121.07772862  14.63572052   95.549
2017014 121.07772856  14.63572050   95.553
2017015 121.07772859  14.63572050   95.555
2017016 121.07772859  14.63572050   95.560
2017017 121.07772858  14.63572048   95.556
2017018 121.07772858  14.63572051   95.557
2017019 121.07772860  14.63572049   95.551
2017020 121.07772860  14.63572047   95.550
2017021 121.07772859  14.63572046   95.558
2017022 121.07772859  14.63572047   95.571
2017023 121.07772861  14.63572043   95.564
2017024 121.07772859  14.63572045   95.563
2017025 121.07772855  14.63572047   95.557
2017026 121.07772853  14.63572046   95.558
2017027 121.07772855  14.63572043   95.560
2017028 121.07772854  14.63572047   95.571
2017029 121.07772856  14.63572045   95.559
2017030 121.07772857  14.63572045   95.564
2017031 121.07772861  14.63572047   95.566
2017032 121.07772857  14.63572046   95.554
2017033 121.07772857  14.63572043   95.559
2017034 121.07772857  14.63572043   95.553
2017035 121.07772855  14.63572043   95.555
2017036 121.07772858  14.63572046   95.563
2017037 121.07772856  14.63572046   95.555
2017038 121.07772853  14.63572046   95.559
2017039 121.07772860  14.63572048   95.554
2017040 121.07772861  14.63572047   95.562
2017041 121.07772857  14.63572050   95.555
2017042 121.07772858  14.63572049   95.553
2017043 121.07772854  14.63572044   95.552
2017044 121.07772855  14.63572046   95.560
2017045 121.07772854  14.63572047   95.557
2017046 121.07772856  14.63572045   95.556
2017047 121.07772856  14.63572045   95.554
2017048 121.07772856  14.63572044   95.557
2017049 121.07772856  14.63572046   95.559
2017050 121.07772860  14.63572050   95.556
2017051 121.07772854  14.63572044   95.555
2017052 121.07772860  14.63572047   95.551
2017053 121.07772861  14.63572049   95.550
2017054 121.07772859  14.63572051   95.544
2017055 121.07772861  14.63572051   95.556
2017056 121.07772862  14.63572047   95.553
2017057 121.07772861  14.63572047   95.565
2017058 121.07772859  14.63572048   95.559
2017059 121.07772861  14.63572047   95.566
2017060 121.07772854  14.63572049   95.551
2017061 121.07772854  14.63572046   95.553
2017062 121.07772856  14.63572048   95.559
2017063 121.07772855  14.63572044   95.556
2017064 121.07772856  14.63572044   95.553
2017065 121.07772852  14.63572047   95.556
2017066 121.07772852  14.63572046   95.548
2017067 121.07772861  14.63572051   95.561
2017068 121.07772855  14.63572052   95.560
2017069 121.07772860  14.63572050   95.547
2017070 121.07772857  14.63572051   95.557
2017071 121.07772863  14.63572050   95.544
2017072 121.07772864  14.63572049   95.556
2017073 121.07772854  14.63572047   95.577
2017074 121.07772856  14.63572048   95.557
2017075 121.07772855  14.63572046   95.563
2017076 121.07772854  14.63572044   95.567
2017077 121.07772854  14.63572045   95.559
2017078 121.07772861  14.63572046   95.564
2017079 121.07772853  14.63572048   95.552
2017080 121.07772851  14.63572045   95.574
2017081 121.07772853  14.63572046   95.551
2017082 121.07772854  14.63572045   95.559
2017083 121.07772851  14.63572042   95.568
2017084 121.07772858  14.63572046   95.556
2017085 121.07772853  14.63572045   95.547
2017086 121.07772856  14.63572048   95.559
2017087 121.07772859  14.63572047   95.562
2017088 121.07772861  14.63572049   95.551
2017089 121.07772856  14.63572048   95.546
2017090 121.07772862  14.63572047   95.542
2017091 121.07772856  14.63572049   95.560
2017092 121.07772853  14.63572053   95.563
2017093 121.07772854  14.63572051   95.556
2017094 121.07772851  14.63572047   95.553
2017095 121.07772854  14.63572047   95.553
2017096 121.07772849  14.63572047   95.563
2017097 121.07772854  14.63572048   95.556
2017098 121.07772850  14.63572044   95.556
2017099 121.07772849  14.63572039   95.549
2017100 121.07772851  14.63572042   95.550
2017101 121.07772860  14.63572049   95.579
2017102 121.07772856  14.63572047   95.548
2017103 121.07772857  14.63572048   95.553
2017104 121.07772853  14.63572049   95.564
2017105 121.07772858  14.63572049   95.563
2017106 121.07772858  14.63572047   95.547
2017107 121.07772862  14.63572051   95.550
2017108 121.07772858  14.63572045   95.562
2017109 121.07772853  14.63572047   95.547
2017110 121.07772848  14.63572045   95.565
2017111 121.07772855  14.63572041   95.613
2017112 121.07772855  14.63572048   95.557
2017113 121.07772851  14.63572054   95.564
2017114 121.07772857  14.63572045   95.569
2017115 121.07772857  14.63572047   95.553
2017116 121.07772854  14.63572048   95.554
2017117 121.07772845  14.63572044   95.577
2017118 121.07772856  14.63572046   95.554
2017119 121.07772853  14.63572046   95.569
2017120 121.07772851  14.63572044   95.568
2017121 121.07772848  14.63572052   95.586
2017122 121.07772855  14.63572046   95.583
2017123 121.07772846  14.63572049   95.558
2017124 121.07772850  14.63572044   95.563
2017125 121.07772844  14.63572049   95.561
2017126 121.07772846  14.63572045   95.548
2017127 121.07772851  14.63572043   95.556
2017128 121.07772845  14.63572050   95.552
2017129 121.07772843  14.63572046   95.547
2017130 121.07772855  14.63572046   95.571
2017131 121.07772854  14.63572050   95.582
2017132 121.07772854  14.63572047   95.553
2017133 121.07772862  14.63572050   95.564
2017134 121.07772852  14.63572048   95.564
2017135 121.07772856  14.63572044   95.558
2017136 121.07772861  14.63572050   95.559
2017137 121.07772855  14.63572053   95.590
2017138 121.07772851  14.63572045   95.578
2017139 121.07772849  14.63572047   95.543
2017140 121.07772853  14.63572048   95.563
2017141 121.07772854  14.63572052   95.571
2017142 121.07772857  14.63572049   95.553
2017143 121.07772853  14.63572050   95.555
2017144 121.07772856  14.63572048   95.559
2017145 121.07772857  14.63572048   95.559
2017146 121.07772851  14.63572054   95.571
2017147 121.07772851  14.63572046   95.561
2017148 121.07772851  14.63572045   95.574
2017149 121.07772850  14.63572048   95.560
2017150 121.07772861  14.63572047   95.571
2017151 121.07772856  14.63572047   95.555
2017152 121.07772852  14.63572050   95.569
2017153 121.07772856  14.63572049   95.548
2017154 121.07772856  14.63572048   95.550
2017155 121.07772857  14.63572050   95.564
2017156 121.07772849  14.63572050   95.572
2017157 121.07772862  14.63572051   95.544
2017158 121.07772848  14.63572041   95.545
2017159 121.07772848  14.63572046   95.546
2017160 121.07772847  14.63572049   95.546
2017161 121.07772851  14.63572045   95.551
2017162 121.07772849  14.63572044   95.555
2017163 121.07772851  14.63572047   95.543
2017164 121.07772856  14.63572045   95.551
2017165 121.07772854  14.63572048   95.553
2017166 121.07772852  14.63572046   95.526
2017167 121.07772855  14.63572047   95.558
2017168 121.07772849  14.63572046   95.544
2017169 121.07772854  14.63572048   95.552
2017170 121.07772852  14.63572050   95.542
2017171 121.07772846  14.63572043   95.548
2017172 121.07772847  14.63572049   95.545
2017173 121.07772850  14.63572046   95.574
2017174 121.07772847  14.63572045   95.559
2017175 121.07772845  14.63572047   95.549
2017176 121.07772844  14.63572044   95.558
2017177 121.07772844  14.63572043   95.543
2017178 121.07772844  14.63572045   95.563
2017179 121.07772848  14.63572049   95.565
2017180 121.07772849  14.63572050   95.564
2017181 121.07772851  14.63572049   95.547
2017182 121.07772855  14.63572049   95.555
2017183 121.07772847  14.63572049   95.546
2017184 121.07772853  14.63572051   95.540
2017185 121.07772851  14.63572047   95.561
2017186 121.07772850  14.63572049   95.563
2017187 121.07772847  14.63572045   95.566
2017188 121.07772846  14.63572047   95.571
2017189 121.07772843  14.63572048   95.551
2017190 121.07772846  14.63572047   95.542
2017191 121.07772849  14.63572052   95.552
2017192 121.07772846  14.63572049   95.582
2017193 121.07772846  14.63572049   95.560
2017194 121.07772848  14.63572048   95.559
2017195 121.07772849  14.63572047   95.550
2017196 121.07772851  14.63572050   95.551
2017197 121.07772850  14.63572046   95.546
2017198 121.07772849  14.63572049   95.546
2017199 121.07772845  14.63572050   95.562
2017200 121.07772842  14.63572048   95.553
2017201 121.07772842  14.63572047   95.548
2017202 121.07772845  14.63572043   95.561
2017203 121.07772845  14.63572044   95.560
2017204 121.07772844  14.63572046   95.552
2017205 121.07772836  14.63572046   95.554
2017206 121.07772842  14.63572045   95.563
2017207 121.07772841  14.63572047   95.577
2017208 121.07772843  14.63572040   95.559
2017209 121.07772848  14.63572045   95.561
2017210 121.07772845  14.63572047   95.554
2017211 121.07772846  14.63572047   95.547
2017212 121.07772849  14.63572048   95.573
2017213 121.07772850  14.63572049   95.557
2017214 121.07772848  14.63572053   95.578
2017215 121.07772843  14.63572049   95.557
2017216 121.07772842  14.63572049   95.549
2017217 121.07772843  14.63572047   95.541
2017218 121.07772845  14.63572045   95.565
2017219 121.07772845  14.63572046   95.564
2017220 121.07772841  14.63572047   95.540
2017221 121.07772840  14.63572046   95.550
2017222 121.07772843  14.63572048   95.541
2017223 121.07772849  14.63572044   95.550
2017224 121.07772847  14.63572049   95.565
2017225 121.07772852  14.63572050   95.570
2017226 121.07772849  14.63572051   95.553
2017227 121.07772841  14.63572046   95.556
2017228 121.07772847  14.63572046   95.531
2017229 121.07772843  14.63572047   95.541
2017230 121.07772842  14.63572047   95.553
2017231 121.07772839  14.63572046   95.558
2017232 121.07772842  14.63572053   95.554
2017233 121.07772841  14.63572047   95.561
2017234 121.07772843  14.63572048   95.558
2017235 121.07772838  14.63572047   95.551
2017236 121.07772844  14.63572049   95.558
2017237 121.07772839  14.63572049   95.571
2017238 121.07772844  14.63572045   95.553
2017239 121.07772845  14.63572042   95.558
2017240 121.07772841  14.63572047   95.564
2017241 121.07772842  14.63572043   95.562
2017242 121.07772841  14.63572047   95.541
2017243 121.07772841  14.63572047   95.558
2017244 121.07772846  14.63572047   95.564
2017245 121.07772846  14.63572046   95.542
2017246 121.07772851  14.63572049   95.550
2017247 121.07772844  14.63572047   95.551
2017248 121.07772839  14.63572049   95.561
2017249 121.07772848  14.63572054   95.549
2017250 121.07772846  14.63572047   95.553
2017251 121.07772842  14.63572051   95.552
2017252 121.07772849  14.63572054   95.559
2017253 121.07772839  14.63572054   95.565
2017254 121.07772841  14.63572054   95.559
2017255 121.07772844  14.63572050   95.555
2017256 121.07772844  14.63572047   95.549
2017257 121.07772844  14.63572049   95.553
2017258 121.07772843  14.63572045   95.552
2017259 121.07772843  14.63572049   95.561
2017260 121.07772840  14.63572054   95.570
2017261 121.07772844  14.63572044   95.533
2017262 121.07772847  14.63572051   95.543
2017263 121.07772843  14.63572051   95.575
2017264 121.07772846  14.63572051   95.539
2017265 121.07772842  14.63572052   95.558
2017266 121.07772853  14.63572049   95.555
2017267 121.07772844  14.63572049   95.548
2017268 121.07772845  14.63572047   95.561
2017269 121.07772845  14.63572049   95.556
2017270 121.07772844  14.63572045   95.541
2017271 121.07772848  14.63572045   95.553
2017272 121.07772843  14.63572051   95.558
2017273 121.07772842  14.63572048   95.548
2017274 121.07772845  14.63572050   95.546
2017275 121.07772841  14.63572051   95.554
2017276 121.07772842  14.63572045   95.561
2017277 121.07772838  14.63572047   95.547
2017278 121.07772836  14.63572046   95.567
2017279 121.07772843  14.63572047   95.544
2017280 121.07772836  14.63572045   95.565
2017281 121.07772839  14.63572046   95.546
2017282 121.07772842  14.63572049   95.543
2017283 121.07772838  14.63572047   95.544
2017284 121.07772840  14.63572046   95.558
2017285 121.07772843  14.63572042   95.573
2017286 121.07772842  14.63572049   95.559
2017287 121.07772842  14.63572051   95.570
2017288 121.07772843  14.63572047   95.563
2017289 121.07772838  14.63572048   95.555
2017290 121.07772834  14.63572046   95.579
2017291 121.07772839  14.63572052   95.555
2017292 121.07772846  14.63572051   95.558
2017293 121.07772843  14.63572049   95.547
2017294 121.07772839  14.63572049   95.549
2017295 121.07772842  14.63572046   95.557
2017296 121.07772843  14.63572047   95.557
2017297 121.07772839  14.63572052   95.569
2017298 121.07772840  14.63572053   95.541
2017299 121.07772840  14.63572049   95.563
2017300 121.07772843  14.63572050   95.557
2017301 121.07772834  14.63572049   95.552
2017302 121.07772839  14.63572047   95.547
2017303 121.07772839  14.63572039   95.588
2017304 121.07772834  14.63572046   95.560
