2016306 121.50087728  25.26079775   74.198
2016307 121.50087727  25.26079775   74.207
2016308 121.50087726  25.26079776   74.217
2016309 121.50087729  25.26079776   74.204
2016310 121.50087728  25.26079773   74.217
2016311 121.50087727  25.26079775   74.203
2016312 121.50087724  25.26079774   74.205
2016313 121.50087724  25.26079775   74.211
2016314 121.50087724  25.26079777   74.212
2016315 121.50087724  25.26079776   74.219
2016316 121.50087723  25.26079776   74.210
2016317 121.50087729  25.26079774   74.212
2016318 121.50087728  25.26079776   74.207
2016319 121.50087730  25.26079773   74.201
2016320 121.50087731  25.26079771   74.207
2016321 121.50087729  25.26079773   74.209
2016322 121.50087731  25.26079776   74.213
2016323 121.50087730  25.26079776   74.208
2016324 121.50087728  25.26079777   74.199
2016325 121.50087730  25.26079776   74.208
2016326 121.50087726  25.26079779   74.200
2016327 121.50087729  25.26079776   74.211
2016328 121.50087727  25.26079775   74.211
2016329 121.50087727  25.26079776   74.207
2016330 121.50087733  25.26079775   74.180
2016331 121.50087730  25.26079775   74.203
2016332 121.50087729  25.26079776   74.206
2016333 121.50087731  25.26079775   74.209
2016334 121.50087733  25.26079778   74.209
2016335 121.50087729  25.26079775   74.212
2016336 121.50087728  25.26079775   74.207
2016337 121.50087731  25.26079775   74.201
2016338 121.50087732  25.26079775   74.209
2016339 121.50087731  25.26079777   74.200
2016340 121.50087729  25.26079778   74.210
2016341 121.50087731  25.26079779   74.200
2016342 121.50087727  25.26079775   74.215
2016343 121.50087729  25.26079774   74.214
2016344 121.50087731  25.26079774   74.203
2016345 121.50087730  25.26079775   74.205
2016346 121.50087732  25.26079777   74.210
2016347 121.50087734  25.26079773   74.207
2016348 121.50087730  25.26079775   74.205
2016349 121.50087728  25.26079777   74.206
2016350 121.50087723  25.26079773   74.214
2016351 121.50087727  25.26079772   74.209
2016352 121.50087728  25.26079772   74.202
2016353 121.50087726  25.26079770   74.203
2016354 121.50087727  25.26079770   74.196
2016355 121.50087737  25.26079773   74.196
2016356 121.50087726  25.26079771   74.216
2016357 121.50087733  25.26079775   74.203
2016358 121.50087732  25.26079778   74.209
2016359 121.50087731  25.26079776   74.210
2016360 121.50087733  25.26079775   74.199
2016361 121.50087733  25.26079773   74.204
2016362 121.50087731  25.26079774   74.210
2016363 121.50087726  25.26079771   74.216
2016364 121.50087724  25.26079771   74.210
2016365 121.50087727  25.26079771   74.211
2016366 121.50087731  25.26079768   74.201
2017001 121.50087726  25.26079773   74.213
2017002 121.50087727  25.26079772   74.212
2017003 121.50087728  25.26079771   74.203
2017004 121.50087729  25.26079773   74.208
2017005 121.50087729  25.26079773   74.196
2017006 121.50087729  25.26079773   74.207
2017007 121.50087729  25.26079772   74.205
2017008 121.50087728  25.26079773   74.209
2017009 121.50087730  25.26079774   74.211
2017010 121.50087733  25.26079775   74.201
2017011 121.50087733  25.26079774   74.213
2017012 121.50087734  25.26079775   74.213
2017013 121.50087733  25.26079777   74.209
2017014 121.50087732  25.26079773   74.208
2017015 121.50087729  25.26079777   74.216
2017016 121.50087731  25.26079776   74.210
2017017 121.50087733  25.26079775   74.211
2017018 121.50087731  25.26079774   74.212
2017019 121.50087730  25.26079774   74.208
2017020 121.50087733  25.26079774   74.202
2017021 121.50087732  25.26079771   74.207
2017022 121.50087731  25.26079773   74.208
2017023 121.50087733  25.26079772   74.211
2017024 121.50087734  25.26079773   74.218
2017025 121.50087727  25.26079771   74.212
2017026 121.50087731  25.26079769   74.207
2017027 121.50087731  25.26079769   74.203
2017028 121.50087727  25.26079772   74.216
2017029 121.50087730  25.26079771   74.207
2017030 121.50087729  25.26079771   74.197
2017031 121.50087738  25.26079774   74.217
2017032 121.50087729  25.26079775   74.202
2017033 121.50087732  25.26079770   74.216
2017034 121.50087731  25.26079769   74.211
2017035 121.50087732  25.26079770   74.213
2017036 121.50087735  25.26079773   74.209
2017037 121.50087732  25.26079770   74.214
2017038 121.50087731  25.26079771   74.206
2017039 121.50087734  25.26079772   74.200
2017040 121.50087736  25.26079774   74.214
2017041 121.50087736  25.26079774   74.217
2017042 121.50087733  25.26079773   74.208
2017043 121.50087731  25.26079769   74.210
2017044 121.50087731  25.26079770   74.207
2017045 121.50087735  25.26079770   74.202
2017046 121.50087732  25.26079769   74.205
2017047 121.50087733  25.26079769   74.206
2017048 121.50087732  25.26079770   74.206
2017049 121.50087733  25.26079770   74.207
2017050 121.50087739  25.26079774   74.211
2017051 121.50087732  25.26079770   74.201
2017052 121.50087740  25.26079772   74.199
2017053 121.50087740  25.26079774   74.202
2017054 121.50087733  25.26079777   74.205
2017055 121.50087737  25.26079776   74.210
2017056 121.50087737  25.26079777   74.194
2017057 121.50087735  25.26079775   74.204
2017058 121.50087739  25.26079773   74.205
2017059 121.50087736  25.26079772   74.207
2017060 121.50087733  25.26079770   74.213
2017061 121.50087733  25.26079771   74.212
2017062 121.50087736  25.26079772   74.205
2017063 121.50087734  25.26079768   74.200
2017064 121.50087733  25.26079771   74.200
2017065 121.50087732  25.26079771   74.209
2017066 121.50087733  25.26079771   74.201
2017067 121.50087742  25.26079774   74.207
2017068 121.50087742  25.26079776   74.215
2017069 121.50087744  25.26079772   74.206
2017070 121.50087740  25.26079775   74.204
2017071 121.50087745  25.26079773   74.197
2017072 121.50087743  25.26079774   74.199
2017073 121.50087733  25.26079771   74.217
2017074 121.50087735  25.26079770   74.213
2017075 121.50087734  25.26079772   74.204
2017076 121.50087735  25.26079769   74.209
2017077 121.50087734  25.26079770   74.205
2017078 121.50087741  25.26079774   74.202
2017079 121.50087744  25.26079771   74.205
2017080 121.50087735  25.26079768   74.207
2017081 121.50087739  25.26079770   74.209
2017082 121.50087735  25.26079771   74.203
2017083 121.50087740  25.26079768   74.209
2017084 121.50087736  25.26079771   74.205
2017085 121.50087740  25.26079768   74.212
2017086 121.50087738  25.26079771   74.211
2017087 121.50087743  25.26079769   74.213
2017088 121.50087743  25.26079772   74.211
2017089 121.50087746  25.26079770   74.209
2017090 121.50087740  25.26079774   74.204
2017091 121.50087744  25.26079770   74.204
2017092 121.50087744  25.26079771   74.209
2017093 121.50087742  25.26079768   74.211
2017094 121.50087738  25.26079768   74.206
2017095 121.50087745  25.26079768   74.208
2017096 121.50087738  25.26079769   74.212
2017097 121.50087738  25.26079768   74.203
2017098 121.50087738  25.26079770   74.206
2017099 121.50087738  25.26079769   74.193
2017100 121.50087738  25.26079770   74.205
2017101 121.50087746  25.26079776   74.218
2017102 121.50087739  25.26079772   74.209
2017103 121.50087744  25.26079772   74.209
2017104 121.50087741  25.26079774   74.200
2017105 121.50087746  25.26079771   74.203
2017106 121.50087743  25.26079771   74.195
2017107 121.50087751  25.26079775   74.206
2017108 121.50087747  25.26079773   74.196
2017109 121.50087746  25.26079770   74.185
2017110 121.50087739  25.26079767   74.203
2017111 121.50087744  25.26079773   74.210
2017112 121.50087740  25.26079773   74.210
2017113 121.50087745  25.26079774   74.213
2017114 121.50087748  25.26079771   74.207
2017115 121.50087742  25.26079772   74.213
2017116 121.50087746  25.26079772   74.205
2017117 121.50087745  25.26079769   74.210
2017118 121.50087744  25.26079774   74.224
2017119 121.50087745  25.26079775   74.214
2017120 121.50087744  25.26079770   74.202
2017121 121.50087745  25.26079775   74.219
2017122 121.50087744  25.26079770   74.214
2017123 121.50087738  25.26079767   74.208
2017124 121.50087739  25.26079768   74.203
2017125 121.50087738  25.26079768   74.212
2017126 121.50087736  25.26079769   74.210
2017127 121.50087739  25.26079770   74.206
2017128 121.50087729  25.26079770   74.204
2017129 121.50087738  25.26079768   74.210
2017130 121.50087742  25.26079774   74.209
2017131 121.50087746  25.26079773   74.203
2017132 121.50087748  25.26079770   74.202
2017133 121.50087746  25.26079775   74.215
2017134 121.50087745  25.26079771   74.203
2017135 121.50087748  25.26079773   74.204
2017136 121.50087743  25.26079775   74.216
2017137 121.50087742  25.26079776   74.207
2017138 121.50087745  25.26079773   74.206
2017139 121.50087744  25.26079773   74.207
2017140 121.50087750  25.26079770   74.210
2017141 121.50087744  25.26079773   74.217
2017142 121.50087746  25.26079773   74.205
2017143 121.50087743  25.26079770   74.199
2017144 121.50087746  25.26079772   74.214
2017145 121.50087748  25.26079770   74.211
2017146 121.50087742  25.26079775   74.219
2017147 121.50087743  25.26079772   74.205
2017148 121.50087745  25.26079771   74.211
2017149 121.50087747  25.26079773   74.212
2017150 121.50087746  25.26079774   74.207
2017151 121.50087749  25.26079773   74.208
2017152 121.50087749  25.26079769   74.212
2017153 121.50087742  25.26079779   74.202
2017154 121.50087748  25.26079777   74.196
2017155 121.50087749  25.26079778   74.213
2017156 121.50087746  25.26079769   74.211
2017157 121.50087749  25.26079775   74.192
2017158 121.50087745  25.26079769   74.198
2017159 121.50087745  25.26079769   74.204
2017160 121.50087744  25.26079771   74.204
2017161 121.50087746  25.26079767   74.193
2017162 121.50087747  25.26079772   74.202
2017163 121.50087752  25.26079766   74.201
2017164 121.50087759  25.26079767   74.196
2017165 121.50087748  25.26079773   74.209
2017166 121.50087746  25.26079776   74.206
2017167 121.50087750  25.26079773   74.203
2017168 121.50087751  25.26079774   74.210
2017169 121.50087748  25.26079770   74.201
2017170 121.50087750  25.26079774   74.206
2017171 121.50087738  25.26079768   74.193
2017172 121.50087743  25.26079769   74.208
2017173 121.50087748  25.26079769   74.203
2017174 121.50087742  25.26079769   74.197
2017175 121.50087743  25.26079769   74.201
2017176 121.50087740  25.26079767   74.202
2017177 121.50087744  25.26079766   74.198
2017178 121.50087743  25.26079766   74.198
2017179 121.50087738  25.26079771   74.225
2017180 121.50087751  25.26079772   74.201
2017181 121.50087747  25.26079775   74.205
2017182 121.50087750  25.26079773   74.214
2017183 121.50087746  25.26079771   74.196
2017184 121.50087753  25.26079775   74.189
2017185 121.50087750  25.26079768   74.206
2017186 121.50087750  25.26079770   74.212
2017187 121.50087740  25.26079766   74.190
2017188 121.50087745  25.26079769   74.210
2017189 121.50087743  25.26079769   74.204
2017190 121.50087740  25.26079769   74.207
2017191 121.50087755  25.26079773   74.203
2017192 121.50087749  25.26079774   74.226
2017193 121.50087744  25.26079771   74.218
2017194 121.50087748  25.26079769   74.208
2017195 121.50087749  25.26079769   74.189
2017196 121.50087749  25.26079771   74.202
2017197 121.50087756  25.26079766   74.200
2017198 121.50087750  25.26079767   74.213
2017199 121.50087749  25.26079766   74.207
2017200 121.50087748  25.26079768   74.212
2017201 121.50087746  25.26079764   74.206
2017202 121.50087745  25.26079765   74.209
2017203 121.50087746  25.26079768   74.193
2017204 121.50087746  25.26079768   74.205
2017205 121.50087744  25.26079766   74.199
2017206 121.50087743  25.26079765   74.199
2017207 121.50087742  25.26079766   74.215
2017208 121.50087745  25.26079765   74.203
2017209 121.50087756  25.26079765   74.183
2017210 121.50087751  25.26079761   74.181
2017211 121.50087764  25.26079760   74.181
2017212 121.50087754  25.26079771   74.202
2017213 121.50087753  25.26079770   74.200
2017214 121.50087752  25.26079773   74.205
2017215 121.50087749  25.26079768   74.187
2017216 121.50087744  25.26079768   74.199
2017217 121.50087747  25.26079766   74.191
2017218 121.50087747  25.26079764   74.203
2017219 121.50087746  25.26079767   74.199
2017220 121.50087747  25.26079765   74.203
2017221 121.50087749  25.26079763   74.195
2017222 121.50087747  25.26079767   74.197
2017223 121.50087753  25.26079766   74.196
2017224 121.50087748  25.26079768   74.199
2017225 121.50087750  25.26079769   74.191
2017226 121.50087752  25.26079770   74.204
2017227 121.50087748  25.26079767   74.199
2017228 121.50087748  25.26079768   74.201
2017229 121.50087747  25.26079765   74.207
2017230 121.50087751  25.26079764   74.200
2017231 121.50087741  25.26079765   74.200
2017232 121.50087755  25.26079769   74.202
2017233 121.50087759  25.26079767   74.183
2017234 121.50087757  25.26079757   74.174
2017235 121.50087744  25.26079764   74.195
2017236 121.50087747  25.26079766   74.211
2017237 121.50087747  25.26079766   74.229
2017238 121.50087745  25.26079768   74.196
2017239 121.50087750  25.26079764   74.198
2017240 121.50087749  25.26079763   74.196
2017241 121.50087751  25.26079760   74.209
2017242 121.50087755  25.26079767   74.198
2017243 121.50087752  25.26079770   74.188
2017244 121.50087755  25.26079767   74.201
2017245 121.50087756  25.26079770   74.203
2017246 121.50087758  25.26079769   74.200
2017247 121.50087756  25.26079765   74.196
2017248 121.50087750  25.26079768   74.207
2017249 121.50087754  25.26079770   74.197
2017250 121.50087757  25.26079768   74.194
2017251 121.50087754  25.26079767   74.212
2017252 121.50087754  25.26079770   74.204
2017253 121.50087750  25.26079771   74.206
2017254 121.50087754  25.26079769   74.197
2017255 121.50087759  25.26079771   74.205
2017256 121.50087752  25.26079765   74.206
2017257 121.50087753  25.26079765   74.205
2017258 121.50087756  25.26079764   74.200
2017259 121.50087752  25.26079765   74.198
2017260 121.50087751  25.26079770   74.206
2017261 121.50087755  25.26079767   74.203
2017262 121.50087753  25.26079769   74.195
2017263 121.50087746  25.26079773   74.202
2017264 121.50087753  25.26079769   74.198
2017265 121.50087751  25.26079767   74.194
2017266 121.50087750  25.26079769   74.205
2017267 121.50087751  25.26079769   74.211
2017268 121.50087759  25.26079765   74.198
2017269 121.50087754  25.26079767   74.198
2017270 121.50087758  25.26079765   74.199
2017271 121.50087755  25.26079762   74.194
2017272 121.50087758  25.26079766   74.198
2017273 121.50087754  25.26079759   74.222
2017274 121.50087757  25.26079769   74.194
2017275 121.50087756  25.26079767   74.199
2017276 121.50087754  25.26079768   74.203
2017277 121.50087749  25.26079765   74.200
2017278 121.50087751  25.26079763   74.206
2017279 121.50087757  25.26079765   74.202
2017280 121.50087756  25.26079761   74.196
2017281 121.50087761  25.26079769   74.178
2017282 121.50087753  25.26079765   74.172
2017283 121.50087763  25.26079762   74.192
2017284 121.50087752  25.26079768   74.196
2017285 121.50087757  25.26079767   74.199
2017286 121.50087757  25.26079763   74.197
2017287 121.50087766  25.26079761   74.192
2017288 121.50087760  25.26079762   74.226
2017289 121.50087757  25.26079769   74.207
2017290 121.50087751  25.26079762   74.183
2017291 121.50087757  25.26079761   74.203
2017292 121.50087758  25.26079765   74.197
2017293 121.50087758  25.26079764   74.202
2017294 121.50087756  25.26079767   74.207
2017295 121.50087757  25.26079765   74.203
2017296 121.50087753  25.26079768   74.206
2017297 121.50087755  25.26079769   74.213
2017298 121.50087760  25.26079764   74.209
2017299 121.50087756  25.26079764   74.208
2017300 121.50087757  25.26079765   74.199
2017301 121.50087755  25.26079762   74.205
2017302 121.50087754  25.26079762   74.202
2017303 121.50087753  25.26079762   74.207
2017304 121.50087753  25.26079761   74.219
