2016306 121.20044839  31.09964112   22.031
2016307 121.20044839  31.09964112   22.035
2016308 121.20044838  31.09964111   22.051
2016309 121.20044842  31.09964114   22.028
2016310 121.20044843  31.09964110   22.045
2016311 121.20044836  31.09964112   22.035
2016312 121.20044836  31.09964112   22.029
2016313 121.20044838  31.09964112   22.039
2016314 121.20044834  31.09964113   22.044
2016315 121.20044836  31.09964111   22.043
2016316 121.20044834  31.09964112   22.042
2016317 121.20044841  31.09964112   22.043
2016318 121.20044839  31.09964114   22.039
2016319 121.20044844  31.09964112   22.034
2016320 121.20044845  31.09964109   22.044
2016321 121.20044841  31.09964113   22.048
2016322 121.20044844  31.09964111   22.042
2016323 121.20044845  31.09964113   22.041
2016324 121.20044838  31.09964115   22.032
2016325 121.20044843  31.09964115   22.040
2016326 121.20044837  31.09964117   22.033
2016327 121.20044842  31.09964111   22.044
2016328 121.20044840  31.09964110   22.040
2016329 121.20044837  31.09964113   22.035
2016330 121.20044836  31.09964112   22.034
2016331 121.20044841  31.09964113   22.038
2016332 121.20044840  31.09964110   22.039
2016333 121.20044844  31.09964111   22.044
2016334 121.20044845  31.09964113   22.036
2016335 121.20044842  31.09964112   22.034
2016336 121.20044841  31.09964111   22.032
2016337 121.20044843  31.09964111   22.025
2016338 121.20044844  31.09964114   22.040
2016339 121.20044841  31.09964115   22.024
2016340 121.20044839  31.09964115   22.029
2016341 121.20044838  31.09964112   22.032
2016342 121.20044837  31.09964110   22.052
2016343 121.20044841  31.09964109   22.039
2016344 121.20044838  31.09964108   22.040
2016345 121.20044838  31.09964111   22.038
2016346 121.20044844  31.09964112   22.038
2016347 121.20044848  31.09964111   22.037
2016348 121.20044841  31.09964113   22.034
2016349 121.20044839  31.09964113   22.037
2016350 121.20044835  31.09964109   22.036
2016351 121.20044835  31.09964108   22.037
2016352 121.20044835  31.09964110   22.040
2016353 121.20044837  31.09964109   22.038
2016354 121.20044837  31.09964108   22.027
2016355 121.20044845  31.09964114   22.028
2016356 121.20044836  31.09964110   22.041
2016357 121.20044843  31.09964111   22.033
2016358 121.20044839  31.09964114   22.042
2016359 121.20044841  31.09964115   22.043
2016360 121.20044843  31.09964115   22.027
2016361 121.20044844  31.09964111   22.037
2016362 121.20044843  31.09964108   22.043
2016363 121.20044837  31.09964107   22.041
2016364 121.20044833  31.09964107   22.038
2016365 121.20044835  31.09964109   22.037
2016366 121.20044839  31.09964107   22.037
2017001 121.20044835  31.09964111   22.039
2017002 121.20044839  31.09964111   22.036
2017003 121.20044840  31.09964110   22.037
2017004 121.20044840  31.09964111   22.042
2017005 121.20044839  31.09964113   22.029
2017006 121.20044842  31.09964111   22.031
2017007 121.20044841  31.09964111   22.036
2017008 121.20044836  31.09964111   22.040
2017009 121.20044840  31.09964112   22.039
2017010 121.20044843  31.09964113   22.035
2017011 121.20044844  31.09964112   22.043
2017012 121.20044844  31.09964112   22.041
2017013 121.20044843  31.09964114   22.036
2017014 121.20044844  31.09964109   22.038
2017015 121.20044841  31.09964114   22.045
2017016 121.20044842  31.09964112   22.041
2017017 121.20044846  31.09964112   22.037
2017018 121.20044844  31.09964111   22.041
2017019 121.20044842  31.09964110   22.035
2017020 121.20044846  31.09964110   22.032
2017021 121.20044843  31.09964108   22.035
2017022 121.20044842  31.09964110   22.033
2017023 121.20044843  31.09964110   22.036
2017024 121.20044848  31.09964110   22.042
2017025 121.20044839  31.09964106   22.036
2017026 121.20044841  31.09964106   22.040
2017027 121.20044841  31.09964105   22.035
2017028 121.20044839  31.09964110   22.046
2017029 121.20044841  31.09964109   22.041
2017030 121.20044839  31.09964107   22.031
2017031 121.20044848  31.09964110   22.039
2017032 121.20044844  31.09964108   22.032
2017033 121.20044842  31.09964107   22.040
2017034 121.20044843  31.09964106   22.039
2017035 121.20044843  31.09964107   22.042
2017036 121.20044848  31.09964109   22.028
2017037 121.20044843  31.09964107   22.042
2017038 121.20044841  31.09964109   22.038
2017039 121.20044848  31.09964110   22.033
2017040 121.20044848  31.09964108   22.037
2017041 121.20044848  31.09964108   22.039
2017042 121.20044844  31.09964110   22.040
2017043 121.20044846  31.09964105   22.035
2017044 121.20044842  31.09964107   22.035
2017045 121.20044843  31.09964107   22.038
2017046 121.20044844  31.09964107   22.033
2017047 121.20044844  31.09964107   22.031
2017048 121.20044843  31.09964105   22.029
2017049 121.20044843  31.09964107   22.047
2017050 121.20044849  31.09964110   22.046
2017051 121.20044844  31.09964107   22.028
2017052 121.20044851  31.09964109   22.040
2017053 121.20044852  31.09964112   22.031
2017054 121.20044846  31.09964112   22.038
2017055 121.20044850  31.09964113   22.036
2017056 121.20044849  31.09964116   22.019
2017057 121.20044853  31.09964110   22.029
2017058 121.20044850  31.09964111   22.026
2017059 121.20044846  31.09964109   22.029
2017060 121.20044842  31.09964106   22.039
2017061 121.20044845  31.09964107   22.044
2017062 121.20044847  31.09964110   22.037
2017063 121.20044846  31.09964107   22.035
2017064 121.20044844  31.09964109   22.032
2017065 121.20044844  31.09964108   22.042
2017066 121.20044843  31.09964108   22.035
2017067 121.20044852  31.09964111   22.040
2017068 121.20044851  31.09964114   22.045
2017069 121.20044854  31.09964110   22.043
2017070 121.20044852  31.09964112   22.034
2017071 121.20044855  31.09964112   22.029
2017111 121.20044856  31.09964109   22.038
2017112 121.20044853  31.09964108   22.036
2017113 121.20044856  31.09964110   22.036
2017114 121.20044858  31.09964109   22.034
2017115 121.20044851  31.09964110   22.047
2017116 121.20044857  31.09964110   22.039
2017117 121.20044858  31.09964106   22.040
2017118 121.20044857  31.09964109   22.051
2017119 121.20044857  31.09964112   22.039
2017120 121.20044857  31.09964108   22.035
2017121 121.20044856  31.09964114   22.041
2017122 121.20044856  31.09964108   22.039
2017123 121.20044850  31.09964107   22.034
2017124 121.20044849  31.09964106   22.042
2017125 121.20044849  31.09964105   22.040
2017126 121.20044846  31.09964109   22.044
2017127 121.20044850  31.09964109   22.041
2017128 121.20044833  31.09964112   22.030
2017129 121.20044851  31.09964106   22.041
2017130 121.20044853  31.09964112   22.035
2017131 121.20044856  31.09964111   22.037
2017132 121.20044861  31.09964110   22.036
2017133 121.20044856  31.09964113   22.041
2017134 121.20044859  31.09964110   22.038
2017135 121.20044860  31.09964113   22.040
2017136 121.20044854  31.09964112   22.029
2017137 121.20044855  31.09964111   22.031
2017138 121.20044853  31.09964110   22.043
2017139 121.20044856  31.09964112   22.039
2017140 121.20044864  31.09964110   22.043
2017141 121.20044854  31.09964112   22.048
2017142 121.20044856  31.09964114   22.043
2017143 121.20044853  31.09964111   22.034
2017144 121.20044857  31.09964108   22.043
2017145 121.20044859  31.09964110   22.040
2017146 121.20044850  31.09964111   22.051
2017147 121.20044854  31.09964110   22.031
2017148 121.20044858  31.09964106   22.044
2017149 121.20044857  31.09964110   22.045
2017150 121.20044855  31.09964113   22.036
2017151 121.20044860  31.09964114   22.041
2017152 121.20044859  31.09964115   22.041
2017153 121.20044851  31.09964117   22.029
2017154 121.20044858  31.09964114   22.039
2017155 121.20044861  31.09964116   22.042
2017156 121.20044859  31.09964110   22.048
2017157 121.20044853  31.09964114   22.033
2017158 121.20044859  31.09964107   22.043
2017159 121.20044856  31.09964109   22.045
2017160 121.20044857  31.09964112   22.044
2017161 121.20044863  31.09964105   22.041
2017162 121.20044865  31.09964115   22.033
2017163 121.20044864  31.09964109   22.039
2017164 121.20044869  31.09964112   22.034
2017165 121.20044859  31.09964112   22.036
2017166 121.20044856  31.09964114   22.034
2017167 121.20044858  31.09964111   22.033
2017168 121.20044861  31.09964112   22.040
2017169 121.20044859  31.09964110   22.039
2017170 121.20044858  31.09964113   22.041
2017171 121.20044846  31.09964107   22.035
2017172 121.20044851  31.09964112   22.047
2017173 121.20044859  31.09964110   22.043
2017174 121.20044857  31.09964106   22.044
2017175 121.20044854  31.09964106   22.050
2017176 121.20044853  31.09964110   22.031
2017177 121.20044858  31.09964108   22.027
2017178 121.20044850  31.09964111   22.046
2017179 121.20044850  31.09964109   22.046
2017180 121.20044861  31.09964109   22.045
2017181 121.20044856  31.09964112   22.046
2017182 121.20044865  31.09964109   22.053
2017183 121.20044862  31.09964110   22.030
2017184 121.20044864  31.09964116   22.025
2017185 121.20044863  31.09964106   22.040
2017186 121.20044858  31.09964107   22.064
2017187 121.20044851  31.09964107   22.041
2017188 121.20044856  31.09964107   22.049
2017189 121.20044853  31.09964108   22.048
2017190 121.20044852  31.09964108   22.043
2017191 121.20044855  31.09964110   22.051
2017192 121.20044859  31.09964113   22.048
2017193 121.20044858  31.09964108   22.051
2017194 121.20044857  31.09964107   22.044
2017195 121.20044857  31.09964110   22.030
2017196 121.20044862  31.09964111   22.042
2017197 121.20044865  31.09964107   22.037
2017198 121.20044861  31.09964105   22.062
2017199 121.20044859  31.09964105   22.048
2017200 121.20044855  31.09964103   22.057
2017201 121.20044858  31.09964104   22.047
2017202 121.20044855  31.09964103   22.046
2017203 121.20044855  31.09964103   22.047
2017204 121.20044856  31.09964107   22.041
2017205 121.20044855  31.09964105   22.050
2017206 121.20044856  31.09964105   22.031
2017207 121.20044852  31.09964108   22.055
2017208 121.20044853  31.09964108   22.044
2017209 121.20044861  31.09964107   22.032
2017210 121.20044863  31.09964106   22.049
2017211 121.20044865  31.09964108   22.040
2017212 121.20044869  31.09964110   22.057
2017213 121.20044865  31.09964111   22.038
2017214 121.20044864  31.09964112   22.051
2017215 121.20044858  31.09964107   22.038
2017216 121.20044859  31.09964106   22.046
2017217 121.20044859  31.09964105   22.048
2017218 121.20044858  31.09964108   22.038
2017219 121.20044862  31.09964105   22.044
2017220 121.20044860  31.09964103   22.063
2017221 121.20044859  31.09964107   22.052
2017222 121.20044861  31.09964108   22.042
2017223 121.20044866  31.09964106   22.026
2017224 121.20044861  31.09964106   22.040
2017225 121.20044864  31.09964107   22.041
2017226 121.20044869  31.09964108   22.047
2017227 121.20044863  31.09964104   22.053
2017228 121.20044860  31.09964105   22.047
2017229 121.20044858  31.09964105   22.051
2017230 121.20044864  31.09964106   22.030
2017231 121.20044853  31.09964101   22.061
2017232 121.20044865  31.09964113   22.037
2017233 121.20044868  31.09964109   22.040
2017234 121.20044858  31.09964107   22.045
2017235 121.20044855  31.09964105   22.032
2017236 121.20044858  31.09964106   22.045
2017237 121.20044859  31.09964102   22.037
2017238 121.20044859  31.09964105   22.045
2017239 121.20044859  31.09964105   22.034
2017240 121.20044862  31.09964103   22.040
2017241 121.20044858  31.09964107   22.051
2017242 121.20044865  31.09964106   22.042
2017243 121.20044868  31.09964103   22.037
2017244 121.20044869  31.09964106   22.035
2017245 121.20044866  31.09964110   22.044
2017246 121.20044869  31.09964110   22.034
2017247 121.20044871  31.09964105   22.040
2017248 121.20044869  31.09964105   22.035
2017249 121.20044863  31.09964111   22.039
2017250 121.20044868  31.09964117   22.033
2017251 121.20044865  31.09964111   22.052
2017252 121.20044866  31.09964112   22.039
2017253 121.20044862  31.09964110   22.048
2017254 121.20044865  31.09964110   22.025
2017255 121.20044864  31.09964107   22.029
2017256 121.20044873  31.09964105   22.027
2017257 121.20044861  31.09964106   22.040
2017258 121.20044869  31.09964105   22.030
2017259 121.20044866  31.09964104   22.041
2017260 121.20044860  31.09964108   22.034
2017261 121.20044870  31.09964107   22.049
2017262 121.20044863  31.09964110   22.029
2017263 121.20044862  31.09964109   22.035
2017264 121.20044865  31.09964107   22.032
2017265 121.20044863  31.09964110   22.031
2017266 121.20044865  31.09964103   22.042
2017267 121.20044865  31.09964105   22.046
2017268 121.20044870  31.09964102   22.041
2017269 121.20044867  31.09964106   22.033
2017270 121.20044872  31.09964105   22.025
2017271 121.20044870  31.09964106   22.031
2017272 121.20044872  31.09964105   22.037
2017273 121.20044866  31.09964102   22.049
2017274 121.20044867  31.09964107   22.032
2017275 121.20044870  31.09964104   22.042
2017276 121.20044869  31.09964097   22.044
2017277 121.20044861  31.09964100   22.029
2017278 121.20044861  31.09964102   22.036
2017279 121.20044869  31.09964100   22.044
2017280 121.20044865  31.09964099   22.038
2017281 121.20044866  31.09964100   22.033
2017282 121.20044865  31.09964102   22.037
2017283 121.20044871  31.09964097   22.055
2017284 121.20044872  31.09964100   22.031
2017285 121.20044868  31.09964100   22.037
2017286 121.20044870  31.09964098   22.035
2017287 121.20044870  31.09964105   22.027
2017288 121.20044874  31.09964103   22.038
2017289 121.20044869  31.09964105   22.030
2017290 121.20044868  31.09964100   22.028
2017291 121.20044870  31.09964099   22.034
2017292 121.20044871  31.09964103   22.029
2017293 121.20044871  31.09964101   22.032
2017294 121.20044873  31.09964102   22.036
2017295 121.20044873  31.09964103   22.033
2017296 121.20044868  31.09964102   22.035
2017297 121.20044871  31.09964103   22.040
2017298 121.20044875  31.09964101   22.042
2017299 121.20044872  31.09964101   22.036
2017300 121.20044873  31.09964102   22.032
2017301 121.20044871  31.09964098   22.029
2017302 121.20044869  31.09964097   22.032
2017303 121.20044867  31.09964098   22.041
2017304 121.20044870  31.09964097   22.044
