2016306 121.56215915  25.29146004   46.679
2016307 121.56215914  25.29146002   46.686
2016308 121.56215913  25.29146004   46.698
2016309 121.56215917  25.29146001   46.682
2016310 121.56215916  25.29146003   46.700
2016311 121.56215909  25.29146003   46.679
2016312 121.56215912  25.29146002   46.685
2016313 121.56215912  25.29146003   46.691
2016314 121.56215912  25.29146004   46.694
2016315 121.56215912  25.29146004   46.694
2016316 121.56215910  25.29146003   46.692
2016317 121.56215916  25.29146003   46.692
2016318 121.56215914  25.29146005   46.687
2016319 121.56215918  25.29146003   46.680
2016320 121.56215918  25.29146000   46.691
2016321 121.56215916  25.29146002   46.694
2016322 121.56215919  25.29146004   46.694
2016323 121.56215918  25.29146005   46.688
2016324 121.56215914  25.29146007   46.676
2016325 121.56215918  25.29146005   46.688
2016326 121.56215914  25.29146007   46.681
2016327 121.56215916  25.29146004   46.694
2016328 121.56215915  25.29146002   46.688
2016329 121.56215914  25.29146003   46.682
2016330 121.56215916  25.29146000   46.669
2016331 121.56215918  25.29146004   46.685
2016332 121.56215916  25.29146003   46.692
2016333 121.56215919  25.29146005   46.687
2016334 121.56215920  25.29146003   46.691
2016335 121.56215918  25.29146002   46.685
2016336 121.56215918  25.29146003   46.683
2016337 121.56215920  25.29146002   46.675
2016338 121.56215920  25.29146003   46.688
2016339 121.56215919  25.29146005   46.677
2016340 121.56215918  25.29146006   46.683
2016341 121.56215919  25.29146006   46.679
2016342 121.56215916  25.29146003   46.692
2016343 121.56215915  25.29146002   46.686
2016344 121.56215916  25.29146002   46.694
2016345 121.56215917  25.29146002   46.683
2016346 121.56215921  25.29146001   46.673
2016347 121.56215923  25.29146002   46.685
2016348 121.56215919  25.29146003   46.683
2016349 121.56215917  25.29146005   46.681
2016350 121.56215914  25.29146001   46.692
2016351 121.56215916  25.29146000   46.689
2016352 121.56215914  25.29145999   46.685
2016353 121.56215914  25.29146000   46.679
2016354 121.56215916  25.29145999   46.673
2016355 121.56215921  25.29146003   46.664
2016356 121.56215914  25.29146001   46.694
2016357 121.56215919  25.29146002   46.688
2016358 121.56215917  25.29146005   46.691
2016359 121.56215919  25.29146004   46.692
2016360 121.56215920  25.29146003   46.673
2016361 121.56215920  25.29146002   46.682
2016362 121.56215921  25.29146001   46.688
2016363 121.56215915  25.29145999   46.693
2016364 121.56215914  25.29145998   46.684
2016365 121.56215915  25.29145999   46.685
2016366 121.56215916  25.29145997   46.683
2017001 121.56215915  25.29146002   46.688
2017002 121.56215915  25.29146002   46.687
2017003 121.56215917  25.29146000   46.682
2017004 121.56215918  25.29146001   46.685
2017005 121.56215918  25.29146002   46.676
2017006 121.56215915  25.29146000   46.679
2017007 121.56215916  25.29146001   46.682
2017008 121.56215918  25.29146002   46.687
2017009 121.56215919  25.29146003   46.687
2017010 121.56215922  25.29146004   46.680
2017011 121.56215921  25.29146003   46.690
2017012 121.56215923  25.29146002   46.689
2017013 121.56215922  25.29146003   46.688
2017014 121.56215922  25.29146000   46.684
2017015 121.56215919  25.29146004   46.692
2017016 121.56215920  25.29146003   46.690
2017017 121.56215922  25.29146002   46.687
2017018 121.56215921  25.29146003   46.687
2017019 121.56215920  25.29146001   46.684
2017020 121.56215923  25.29146001   46.679
2017021 121.56215923  25.29145999   46.685
2017022 121.56215921  25.29146002   46.687
2017023 121.56215923  25.29146000   46.685
2017024 121.56215924  25.29146000   46.691
2017025 121.56215919  25.29145998   46.686
2017026 121.56215919  25.29145996   46.683
2017027 121.56215914  25.29145994   46.679
2017028 121.56215917  25.29145999   46.687
2017029 121.56215918  25.29146000   46.681
2017030 121.56215918  25.29145999   46.681
2017031 121.56215927  25.29146001   46.690
2017032 121.56215921  25.29146000   46.684
2017033 121.56215920  25.29145997   46.691
2017034 121.56215919  25.29145997   46.685
2017035 121.56215921  25.29145998   46.684
2017036 121.56215923  25.29146001   46.684
2017037 121.56215920  25.29145999   46.689
2017038 121.56215919  25.29145999   46.688
2017039 121.56215924  25.29146000   46.680
2017040 121.56215926  25.29146000   46.687
2017041 121.56215927  25.29146001   46.694
2017042 121.56215923  25.29146001   46.689
2017043 121.56215921  25.29145996   46.684
2017044 121.56215919  25.29145998   46.686
2017045 121.56215920  25.29145999   46.684
2017046 121.56215922  25.29145998   46.680
2017047 121.56215921  25.29145997   46.682
2017048 121.56215920  25.29145998   46.679
2017049 121.56215919  25.29145998   46.688
2017050 121.56215927  25.29146003   46.687
2017051 121.56215921  25.29145998   46.678
2017052 121.56215928  25.29146000   46.679
2017053 121.56215929  25.29146001   46.680
2017054 121.56215923  25.29146003   46.682
2017055 121.56215926  25.29146002   46.690
2017056 121.56215926  25.29146002   46.672
2017057 121.56215928  25.29146001   46.682
2017058 121.56215928  25.29146000   46.681
2017059 121.56215925  25.29145999   46.682
2017060 121.56215924  25.29145997   46.689
2017061 121.56215923  25.29145997   46.690
2017062 121.56215926  25.29146000   46.682
2017063 121.56215924  25.29145997   46.681
2017064 121.56215921  25.29145999   46.680
2017065 121.56215922  25.29145999   46.685
2017066 121.56215922  25.29145998   46.685
2017067 121.56215930  25.29146001   46.690
2017068 121.56215928  25.29146003   46.693
2017069 121.56215928  25.29146000   46.686
2017070 121.56215929  25.29146003   46.684
2017071 121.56215933  25.29146002   46.677
2017072 121.56215933  25.29146001   46.675
2017073 121.56215923  25.29145998   46.695
2017074 121.56215924  25.29145999   46.691
2017075 121.56215923  25.29145999   46.683
2017076 121.56215923  25.29145997   46.686
2017077 121.56215923  25.29145998   46.682
2017078 121.56215929  25.29146002   46.678
2017079 121.56215930  25.29145999   46.684
2017080 121.56215924  25.29145997   46.686
2017081 121.56215924  25.29145997   46.680
2017082 121.56215924  25.29145999   46.680
2017083 121.56215926  25.29145997   46.679
2017084 121.56215923  25.29145999   46.682
2017085 121.56215927  25.29145997   46.690
2017086 121.56215925  25.29145999   46.688
2017087 121.56215932  25.29145999   46.692
2017088 121.56215932  25.29146001   46.686
2017089 121.56215933  25.29146000   46.687
2017090 121.56215929  25.29146001   46.673
2017091 121.56215933  25.29145997   46.683
2017092 121.56215929  25.29145999   46.685
2017093 121.56215931  25.29145996   46.692
2017094 121.56215927  25.29145998   46.683
2017095 121.56215933  25.29145997   46.685
2017096 121.56215925  25.29145998   46.691
2017097 121.56215924  25.29145997   46.684
2017098 121.56215925  25.29146001   46.688
2017099 121.56215923  25.29145999   46.675
2017100 121.56215924  25.29145996   46.682
2017101 121.56215934  25.29146004   46.694
2017102 121.56215928  25.29146001   46.686
2017103 121.56215932  25.29146000   46.685
2017104 121.56215929  25.29146003   46.679
2017105 121.56215933  25.29146000   46.683
2017106 121.56215931  25.29146001   46.670
2017107 121.56215934  25.29146004   46.680
2017108 121.56215931  25.29146002   46.670
2017109 121.56215932  25.29145999   46.666
2017110 121.56215922  25.29145997   46.681
2017111 121.56215931  25.29146002   46.682
2017112 121.56215928  25.29146002   46.685
2017113 121.56215933  25.29146002   46.686
2017114 121.56215935  25.29146000   46.681
2017115 121.56215929  25.29146002   46.689
2017116 121.56215932  25.29146001   46.683
2017117 121.56215933  25.29145998   46.693
2017118 121.56215932  25.29146002   46.696
2017119 121.56215934  25.29146004   46.689
2017120 121.56215932  25.29146000   46.682
2017121 121.56215931  25.29146005   46.695
2017122 121.56215932  25.29146000   46.686
2017123 121.56215924  25.29145997   46.686
2017124 121.56215924  25.29145999   46.687
2017125 121.56215925  25.29145998   46.686
2017126 121.56215923  25.29145999   46.685
2017127 121.56215927  25.29145999   46.687
2017128 121.56215916  25.29146000   46.683
2017129 121.56215923  25.29145998   46.682
2017130 121.56215928  25.29146004   46.681
2017131 121.56215932  25.29146003   46.683
2017132 121.56215933  25.29146001   46.677
2017133 121.56215931  25.29146004   46.695
2017134 121.56215931  25.29146002   46.681
2017135 121.56215933  25.29146004   46.692
2017136 121.56215930  25.29146004   46.689
2017137 121.56215929  25.29146003   46.686
2017138 121.56215929  25.29146002   46.681
2017139 121.56215930  25.29146002   46.682
2017140 121.56215937  25.29146000   46.682
2017141 121.56215930  25.29146003   46.702
2017142 121.56215933  25.29146003   46.685
2017143 121.56215929  25.29146001   46.680
2017144 121.56215930  25.29146001   46.687
2017145 121.56215936  25.29146000   46.690
2017146 121.56215928  25.29146006   46.705
2017147 121.56215930  25.29146000   46.683
2017148 121.56215930  25.29145998   46.689
2017149 121.56215933  25.29146002   46.687
2017150 121.56215932  25.29146004   46.682
2017151 121.56215934  25.29146001   46.682
2017152 121.56215934  25.29145997   46.683
2017153 121.56215930  25.29146007   46.677
2017154 121.56215933  25.29146005   46.673
2017155 121.56215937  25.29146006   46.690
2017156 121.56215932  25.29146000   46.690
2017157 121.56215934  25.29146004   46.673
2017158 121.56215930  25.29145999   46.677
2017159 121.56215931  25.29145999   46.681
2017160 121.56215928  25.29146001   46.687
2017161 121.56215931  25.29145999   46.681
2017162 121.56215933  25.29146002   46.681
2017163 121.56215935  25.29145996   46.680
2017164 121.56215944  25.29145997   46.675
2017165 121.56215933  25.29146002   46.678
2017166 121.56215932  25.29146005   46.688
2017167 121.56215935  25.29146000   46.680
2017168 121.56215937  25.29146003   46.686
2017169 121.56215935  25.29145999   46.677
2017170 121.56215935  25.29146002   46.685
2017171 121.56215921  25.29145998   46.672
2017172 121.56215927  25.29145999   46.680
2017173 121.56215932  25.29145999   46.676
2017174 121.56215926  25.29146000   46.677
2017175 121.56215928  25.29145998   46.681
2017176 121.56215923  25.29145997   46.667
2017177 121.56215926  25.29145996   46.681
2017178 121.56215928  25.29145997   46.675
2017179 121.56215923  25.29146000   46.694
2017180 121.56215934  25.29146001   46.679
2017181 121.56215932  25.29146005   46.686
2017182 121.56215935  25.29146002   46.687
2017183 121.56215930  25.29146007   46.680
2017184 121.56215939  25.29146004   46.672
2017185 121.56215935  25.29145997   46.684
2017186 121.56215933  25.29146000   46.687
2017187 121.56215926  25.29145999   46.669
2017188 121.56215931  25.29145998   46.688
2017189 121.56215929  25.29145999   46.683
2017190 121.56215928  25.29146000   46.688
2017191 121.56215939  25.29146001   46.679
2017192 121.56215934  25.29146005   46.702
2017193 121.56215930  25.29146000   46.697
2017194 121.56215932  25.29145998   46.675
2017195 121.56215935  25.29146000   46.671
2017196 121.56215934  25.29146003   46.678
2017197 121.56215941  25.29145998   46.671
2017198 121.56215937  25.29145998   46.692
2017199 121.56215935  25.29145997   46.679
2017200 121.56215931  25.29145998   46.686
2017201 121.56215929  25.29145993   46.686
2017202 121.56215929  25.29145994   46.670
2017203 121.56215932  25.29145995   46.665
2017204 121.56215930  25.29145999   46.680
2017205 121.56215929  25.29145997   46.680
2017206 121.56215929  25.29145997   46.683
2017207 121.56215927  25.29145997   46.689
2017208 121.56215930  25.29145997   46.673
2017209 121.56215935  25.29145994   46.666
2017210 121.56215935  25.29145997   46.683
2017211 121.56215943  25.29145997   46.677
2017212 121.56215940  25.29146000   46.682
2017213 121.56215939  25.29145999   46.682
2017214 121.56215939  25.29146002   46.685
2017215 121.56215933  25.29145999   46.671
2017216 121.56215929  25.29145998   46.685
2017217 121.56215932  25.29145996   46.669
2017218 121.56215932  25.29145995   46.688
2017219 121.56215928  25.29145997   46.678
2017220 121.56215930  25.29145994   46.671
2017221 121.56215931  25.29145992   46.668
2017222 121.56215927  25.29145997   46.676
2017223 121.56215936  25.29145997   46.671
2017224 121.56215933  25.29145999   46.676
2017225 121.56215937  25.29146001   46.673
2017226 121.56215940  25.29146000   46.681
2017227 121.56215934  25.29145997   46.665
2017228 121.56215935  25.29145998   46.676
2017229 121.56215933  25.29145995   46.677
2017230 121.56215936  25.29145994   46.673
2017231 121.56215926  25.29145996   46.673
2017232 121.56215938  25.29146000   46.676
2017233 121.56215939  25.29145995   46.677
2017234 121.56215939  25.29145990   46.680
2017235 121.56215928  25.29145995   46.680
2017236 121.56215933  25.29145996   46.688
2017237 121.56215935  25.29145996   46.686
2017238 121.56215940  25.29145993   46.662
2017239 121.56215935  25.29145995   46.678
2017240 121.56215934  25.29145995   46.679
2017241 121.56215934  25.29145991   46.687
2017242 121.56215937  25.29145996   46.679
2017243 121.56215937  25.29145997   46.671
2017244 121.56215939  25.29145999   46.677
2017245 121.56215943  25.29145999   46.688
2017246 121.56215942  25.29145998   46.692
2017247 121.56215943  25.29145994   46.674
2017248 121.56215937  25.29145999   46.678
2017249 121.56215940  25.29146002   46.683
2017250 121.56215943  25.29145999   46.674
2017251 121.56215941  25.29146000   46.702
2017252 121.56215939  25.29146001   46.690
2017253 121.56215937  25.29146001   46.688
2017254 121.56215939  25.29145999   46.677
2017255 121.56215941  25.29146001   46.682
2017256 121.56215941  25.29145998   46.687
2017257 121.56215940  25.29145994   46.679
2017258 121.56215943  25.29145994   46.681
2017259 121.56215938  25.29145995   46.680
2017260 121.56215935  25.29146000   46.679
2017261 121.56215943  25.29145998   46.686
2017262 121.56215939  25.29146001   46.677
2017263 121.56215934  25.29146002   46.690
2017264 121.56215938  25.29146001   46.678
2017265 121.56215937  25.29145999   46.669
2017266 121.56215936  25.29145999   46.692
2017267 121.56215937  25.29146000   46.691
2017268 121.56215945  25.29145996   46.680
2017269 121.56215939  25.29145999   46.680
2017270 121.56215943  25.29145996   46.682
2017271 121.56215942  25.29145997   46.684
2017272 121.56215942  25.29145997   46.682
2017273 121.56215942  25.29145994   46.687
2017274 121.56215941  25.29146000   46.679
2017275 121.56215942  25.29145998   46.680
2017276 121.56215940  25.29145997   46.683
2017277 121.56215934  25.29145994   46.675
2017278 121.56215939  25.29145996   46.675
2017279 121.56215935  25.29145992   46.682
2017281 121.56215942  25.29145988   46.675
2017282 121.56215942  25.29145995   46.679
2017283 121.56215937  25.29145989   46.680
2017284 121.56215939  25.29146000   46.648
2017286 121.56215995  25.29145954   46.637
2017287 121.56215948  25.29145992   46.680
2017288 121.56215948  25.29145992   46.680
2017289 121.56215940  25.29145996   46.682
2017290 121.56215939  25.29145991   46.679
2017291 121.56215941  25.29145989   46.675
2017292 121.56215940  25.29145994   46.673
2017293 121.56215945  25.29145992   46.690
