2016306 121.00748222  22.61608046   58.721
2016307 121.00748219  22.61608046   58.722
2016308 121.00748222  22.61608047   58.737
2016309 121.00748230  22.61608045   58.720
2016310 121.00748221  22.61608045   58.731
2016311 121.00748218  22.61608045   58.722
2016312 121.00748218  22.61608048   58.724
2016313 121.00748219  22.61608045   58.727
2016314 121.00748218  22.61608047   58.731
2016315 121.00748219  22.61608043   58.726
2016316 121.00748217  22.61608046   58.731
2016317 121.00748223  22.61608046   58.727
2016318 121.00748221  22.61608047   58.724
2016319 121.00748224  22.61608045   58.717
2016320 121.00748222  22.61608043   58.738
2016321 121.00748221  22.61608046   58.725
2016322 121.00748224  22.61608044   58.730
2016323 121.00748223  22.61608047   58.724
2016324 121.00748219  22.61608051   58.723
2016325 121.00748224  22.61608046   58.721
2016326 121.00748223  22.61608046   58.717
2016327 121.00748222  22.61608045   58.731
2016328 121.00748219  22.61608045   58.723
2016329 121.00748217  22.61608046   58.728
2016330 121.00748216  22.61608047   58.720
2016331 121.00748223  22.61608048   58.723
2016332 121.00748220  22.61608046   58.723
2016333 121.00748221  22.61608046   58.729
2016334 121.00748220  22.61608049   58.719
2016335 121.00748223  22.61608046   58.720
2016336 121.00748220  22.61608046   58.724
2016337 121.00748222  22.61608046   58.715
2016338 121.00748222  22.61608048   58.722
2016339 121.00748223  22.61608046   58.714
2016340 121.00748225  22.61608048   58.723
2016341 121.00748220  22.61608047   58.723
2016342 121.00748218  22.61608044   58.729
2016343 121.00748219  22.61608045   58.727
2016344 121.00748217  22.61608046   58.727
2016345 121.00748219  22.61608044   58.721
2016346 121.00748221  22.61608045   58.725
2016347 121.00748222  22.61608046   58.711
2016348 121.00748224  22.61608045   58.712
2016349 121.00748221  22.61608047   58.720
2016350 121.00748216  22.61608044   58.726
2016351 121.00748217  22.61608042   58.727
2016352 121.00748216  22.61608044   58.721
2016353 121.00748216  22.61608044   58.718
2016354 121.00748218  22.61608043   58.716
2016355 121.00748223  22.61608047   58.719
2016356 121.00748218  22.61608042   58.716
2016357 121.00748220  22.61608045   58.722
2016358 121.00748219  22.61608047   58.724
2016359 121.00748221  22.61608047   58.726
2016360 121.00748221  22.61608046   58.717
2016361 121.00748220  22.61608045   58.723
2016362 121.00748222  22.61608043   58.731
2016363 121.00748214  22.61608042   58.724
2016364 121.00748214  22.61608042   58.727
2016365 121.00748216  22.61608045   58.727
2016366 121.00748217  22.61608041   58.728
2017001 121.00748217  22.61608044   58.730
2017002 121.00748217  22.61608044   58.723
2017003 121.00748218  22.61608044   58.726
2017004 121.00748218  22.61608045   58.726
2017005 121.00748217  22.61608045   58.716
2017006 121.00748219  22.61608043   58.723
2017007 121.00748218  22.61608043   58.727
2017008 121.00748219  22.61608043   58.731
2017009 121.00748220  22.61608047   58.723
2017010 121.00748218  22.61608046   58.719
2017011 121.00748219  22.61608046   58.731
2017012 121.00748221  22.61608045   58.724
2017013 121.00748220  22.61608047   58.724
2017014 121.00748219  22.61608045   58.732
2017015 121.00748219  22.61608047   58.724
2017016 121.00748216  22.61608046   58.725
2017017 121.00748219  22.61608046   58.729
2017018 121.00748216  22.61608046   58.721
2017019 121.00748219  22.61608045   58.716
2017020 121.00748220  22.61608045   58.715
2017021 121.00748220  22.61608042   58.723
2017022 121.00748218  22.61608044   58.725
2017023 121.00748218  22.61608043   58.720
2017024 121.00748221  22.61608044   58.723
2017025 121.00748213  22.61608044   58.721
2017026 121.00748213  22.61608043   58.727
2017027 121.00748214  22.61608042   58.726
2017028 121.00748214  22.61608043   58.730
2017029 121.00748215  22.61608044   58.722
2017030 121.00748214  22.61608045   58.728
2017031 121.00748224  22.61608046   58.718
2017032 121.00748216  22.61608044   58.722
2017033 121.00748217  22.61608044   58.732
2017034 121.00748215  22.61608043   58.722
2017035 121.00748215  22.61608042   58.728
2017036 121.00748217  22.61608045   58.724
2017037 121.00748216  22.61608044   58.725
2017038 121.00748215  22.61608044   58.730
2017039 121.00748220  22.61608046   58.729
2017040 121.00748220  22.61608044   58.725
2017041 121.00748219  22.61608046   58.723
2017042 121.00748215  22.61608047   58.719
2017043 121.00748215  22.61608041   58.718
2017044 121.00748214  22.61608043   58.728
2017045 121.00748217  22.61608044   58.725
2017046 121.00748216  22.61608042   58.717
2017047 121.00748215  22.61608042   58.716
2017048 121.00748215  22.61608043   58.723
2017049 121.00748216  22.61608043   58.730
2017050 121.00748221  22.61608046   58.718
2017051 121.00748217  22.61608041   58.717
2017052 121.00748221  22.61608045   58.722
2017053 121.00748221  22.61608048   58.722
2017054 121.00748219  22.61608049   58.728
2017055 121.00748219  22.61608046   58.712
2017056 121.00748217  22.61608049   58.711
2017057 121.00748218  22.61608046   58.717
2017058 121.00748221  22.61608046   58.717
2017059 121.00748216  22.61608044   58.723
2017060 121.00748214  22.61608042   58.720
2017061 121.00748216  22.61608042   58.726
2017062 121.00748218  22.61608045   58.720
2017063 121.00748216  22.61608043   58.718
2017064 121.00748206  22.61608046   58.713
2017065 121.00748210  22.61608045   58.730
2017066 121.00748211  22.61608046   58.727
2017067 121.00748217  22.61608048   58.725
2017068 121.00748220  22.61608048   58.726
2017069 121.00748215  22.61608046   58.707
2017070 121.00748220  22.61608047   58.720
2017071 121.00748225  22.61608043   58.723
2017072 121.00748229  22.61608047   58.734
2017073 121.00748219  22.61608043   58.726
2017074 121.00748216  22.61608044   58.729
2017075 121.00748216  22.61608044   58.727
2017076 121.00748217  22.61608044   58.726
2017077 121.00748216  22.61608044   58.724
2017078 121.00748222  22.61608046   58.715
2017079 121.00748222  22.61608045   58.726
2017080 121.00748214  22.61608043   58.719
2017081 121.00748218  22.61608043   58.721
2017082 121.00748217  22.61608045   58.723
2017083 121.00748214  22.61608042   58.732
2017084 121.00748216  22.61608043   58.720
2017085 121.00748216  22.61608044   58.719
2017086 121.00748216  22.61608044   58.723
2017087 121.00748221  22.61608046   58.730
2017088 121.00748221  22.61608047   58.726
2017089 121.00748222  22.61608046   58.719
2017090 121.00748220  22.61608048   58.730
2017091 121.00748222  22.61608044   58.725
2017093 121.00748220  22.61608043   58.731
2017094 121.00748214  22.61608043   58.720
2017095 121.00748215  22.61608043   58.721
2017096 121.00748214  22.61608045   58.723
2017097 121.00748216  22.61608044   58.721
2017098 121.00748216  22.61608045   58.725
2017099 121.00748207  22.61608043   58.703
2017100 121.00748201  22.61608042   58.705
2017101 121.00748223  22.61608048   58.731
2017102 121.00748223  22.61608045   58.717
2017103 121.00748224  22.61608045   58.717
2017104 121.00748220  22.61608048   58.720
2017105 121.00748221  22.61608045   58.709
2017106 121.00748217  22.61608049   58.707
2017107 121.00748221  22.61608052   58.678
2017108 121.00748224  22.61608049   58.713
2017109 121.00748215  22.61608049   58.714
2017110 121.00748216  22.61608044   58.719
2017111 121.00748221  22.61608048   58.714
2017112 121.00748218  22.61608046   58.718
2017113 121.00748220  22.61608047   58.719
2017114 121.00748221  22.61608046   58.717
2017115 121.00748219  22.61608047   58.715
2017116 121.00748220  22.61608048   58.721
2017117 121.00748211  22.61608048   58.712
2017118 121.00748219  22.61608046   58.710
2017119 121.00748220  22.61608048   58.719
2017120 121.00748220  22.61608044   58.711
2017121 121.00748218  22.61608048   58.730
2017122 121.00748221  22.61608045   58.714
2017123 121.00748216  22.61608042   58.722
2017124 121.00748215  22.61608044   58.726
2017125 121.00748213  22.61608041   58.705
2017126 121.00748216  22.61608043   58.728
2017127 121.00748213  22.61608044   58.719
2017128 121.00748203  22.61608044   58.713
2017129 121.00748213  22.61608044   58.722
2017130 121.00748221  22.61608047   58.725
2017131 121.00748216  22.61608049   58.709
2017132 121.00748217  22.61608046   58.718
2017133 121.00748219  22.61608048   58.718
2017134 121.00748219  22.61608047   58.720
2017135 121.00748220  22.61608046   58.722
2017136 121.00748221  22.61608047   58.722
2017137 121.00748217  22.61608047   58.719
2017138 121.00748220  22.61608046   58.725
2017139 121.00748217  22.61608047   58.718
2017140 121.00748222  22.61608047   58.715
2017141 121.00748219  22.61608051   58.725
2017142 121.00748216  22.61608050   58.722
2017143 121.00748220  22.61608048   58.714
2017144 121.00748222  22.61608041   58.716
2017145 121.00748221  22.61608047   58.717
2017146 121.00748217  22.61608051   58.732
2017147 121.00748218  22.61608047   58.716
2017148 121.00748217  22.61608044   58.721
2017149 121.00748219  22.61608049   58.724
2017150 121.00748215  22.61608050   58.716
2017151 121.00748224  22.61608045   58.721
2017152 121.00748209  22.61608050   58.739
2017153 121.00748222  22.61608047   58.716
2017154 121.00748223  22.61608040   58.733
2017155 121.00748224  22.61608045   58.733
2017156 121.00748216  22.61608048   58.724
2017157 121.00748219  22.61608052   58.711
2017158 121.00748220  22.61608043   58.726
2017159 121.00748220  22.61608045   58.716
2017160 121.00748217  22.61608049   58.733
2017161 121.00748221  22.61608045   58.727
2017162 121.00748223  22.61608044   58.723
2017163 121.00748225  22.61608047   58.725
2017164 121.00748220  22.61608044   58.721
2017165 121.00748218  22.61608048   58.724
2017166 121.00748217  22.61608047   58.709
2017167 121.00748220  22.61608043   58.732
2017168 121.00748224  22.61608040   58.730
2017169 121.00748219  22.61608044   58.726
2017170 121.00748221  22.61608042   58.719
2017171 121.00748213  22.61608043   58.716
2017172 121.00748211  22.61608047   58.719
2017173 121.00748221  22.61608048   58.717
2017174 121.00748212  22.61608045   58.724
2017175 121.00748216  22.61608043   58.719
2017176 121.00748216  22.61608047   58.716
2017177 121.00748214  22.61608043   58.720
2017178 121.00748208  22.61608043   58.722
2017179 121.00748214  22.61608046   58.717
2017180 121.00748222  22.61608047   58.722
2017181 121.00748224  22.61608048   58.729
2017182 121.00748222  22.61608047   58.721
2017183 121.00748225  22.61608046   58.694
2017184 121.00748223  22.61608050   58.693
2017185 121.00748222  22.61608044   58.708
2017186 121.00748220  22.61608046   58.720
2017187 121.00748212  22.61608044   58.719
2017188 121.00748216  22.61608045   58.722
2017189 121.00748211  22.61608046   58.720
2017190 121.00748210  22.61608044   58.716
2017191 121.00748223  22.61608047   58.725
2017192 121.00748219  22.61608046   58.724
2017193 121.00748216  22.61608049   58.722
2017194 121.00748216  22.61608046   58.712
2017195 121.00748216  22.61608046   58.701
2017196 121.00748223  22.61608051   58.722
2017197 121.00748221  22.61608047   58.722
2017198 121.00748218  22.61608043   58.723
2017199 121.00748219  22.61608044   58.723
2017200 121.00748217  22.61608043   58.716
2017201 121.00748215  22.61608044   58.715
2017202 121.00748212  22.61608045   58.734
2017203 121.00748214  22.61608044   58.723
2017204 121.00748214  22.61608044   58.717
2017205 121.00748214  22.61608044   58.720
2017206 121.00748213  22.61608043   58.718
2017207 121.00748210  22.61608045   58.725
2017208 121.00748215  22.61608043   58.712
2017209 121.00748219  22.61608047   58.720
2017210 121.00748219  22.61608044   58.724
2017211 121.00748226  22.61608044   58.721
2017212 121.00748219  22.61608049   58.727
2017213 121.00748223  22.61608046   58.711
2017214 121.00748223  22.61608046   58.715
2017215 121.00748214  22.61608044   58.714
2017216 121.00748213  22.61608044   58.719
2017217 121.00748215  22.61608043   58.720
2017218 121.00748215  22.61608046   58.734
2017219 121.00748217  22.61608045   58.722
2017220 121.00748213  22.61608045   58.716
2017221 121.00748214  22.61608043   58.715
2017222 121.00748216  22.61608044   58.723
2017223 121.00748221  22.61608046   58.717
2017224 121.00748215  22.61608045   58.718
2017225 121.00748219  22.61608047   58.723
2017226 121.00748221  22.61608048   58.727
2017227 121.00748218  22.61608044   58.720
2017228 121.00748224  22.61608042   58.723
2017229 121.00748212  22.61608044   58.707
2017230 121.00748219  22.61608043   58.720
2017231 121.00748211  22.61608043   58.718
2017232 121.00748217  22.61608046   58.731
2017233 121.00748222  22.61608044   58.723
2017234 121.00748217  22.61608043   58.728
2017235 121.00748214  22.61608044   58.724
2017236 121.00748214  22.61608044   58.723
2017237 121.00748213  22.61608046   58.734
2017238 121.00748219  22.61608043   58.713
2017239 121.00748216  22.61608041   58.715
2017240 121.00748214  22.61608042   58.717
2017241 121.00748214  22.61608041   58.716
2017242 121.00748219  22.61608046   58.721
2017243 121.00748215  22.61608043   58.709
2017244 121.00748223  22.61608043   58.726
2017245 121.00748220  22.61608045   58.719
2017246 121.00748226  22.61608044   58.720
2017247 121.00748222  22.61608042   58.721
2017248 121.00748220  22.61608047   58.738
2017249 121.00748218  22.61608050   58.727
2017250 121.00748218  22.61608046   58.714
2017251 121.00748219  22.61608045   58.733
2017252 121.00748221  22.61608045   58.714
2017253 121.00748217  22.61608048   58.722
2017254 121.00748222  22.61608046   58.712
2017255 121.00748220  22.61608044   58.719
2017256 121.00748220  22.61608046   58.720
2017257 121.00748224  22.61608042   58.750
2017258 121.00748218  22.61608044   58.728
2017259 121.00748215  22.61608046   58.713
2017260 121.00748220  22.61608046   58.720
2017261 121.00748219  22.61608046   58.714
2017262 121.00748223  22.61608049   58.713
2017263 121.00748220  22.61608045   58.719
2017264 121.00748219  22.61608046   58.712
2017265 121.00748217  22.61608045   58.721
2017266 121.00748218  22.61608046   58.720
2017267 121.00748226  22.61608044   58.715
2017268 121.00748223  22.61608044   58.705
2017269 121.00748219  22.61608046   58.712
2017270 121.00748221  22.61608044   58.709
2017271 121.00748218  22.61608041   58.709
2017272 121.00748216  22.61608047   58.716
2017273 121.00748218  22.61608045   58.732
2017274 121.00748216  22.61608050   58.703
2017275 121.00748219  22.61608045   58.713
2017276 121.00748220  22.61608042   58.699
2017277 121.00748215  22.61608042   58.717
2017278 121.00748214  22.61608042   58.726
2017279 121.00748218  22.61608042   58.738
2017280 121.00748213  22.61608045   58.717
2017281 121.00748221  22.61608039   58.717
2017282 121.00748216  22.61608044   58.722
2017283 121.00748216  22.61608048   58.738
2017284 121.00748214  22.61608046   58.722
2017285 121.00748215  22.61608041   58.713
2017286 121.00748220  22.61608040   58.726
2017287 121.00748222  22.61608042   58.723
2017288 121.00748224  22.61608040   58.724
2017289 121.00748218  22.61608047   58.718
2017290 121.00748215  22.61608044   58.710
2017291 121.00748218  22.61608043   58.718
2017292 121.00748221  22.61608046   58.708
2017293 121.00748217  22.61608046   58.721
2017294 121.00748218  22.61608044   58.727
2017295 121.00748221  22.61608044   58.717
2017296 121.00748216  22.61608044   58.725
2017297 121.00748218  22.61608044   58.723
2017298 121.00748221  22.61608045   58.725
2017299 121.00748219  22.61608043   58.720
2017300 121.00748218  22.61608043   58.720
2017301 121.00748217  22.61608040   58.725
2017302 121.00748215  22.61608042   58.714
2017303 121.00748216  22.61608042   58.725
2017304 121.00748213  22.61608042   58.724
