2016306 121.63276808  25.25691303   50.374
2016307 121.63276808  25.25691302   50.384
2016308 121.63276806  25.25691303   50.392
2016309 121.63276810  25.25691302   50.382
2016310 121.63276807  25.25691301   50.392
2016311 121.63276803  25.25691305   50.381
2016312 121.63276803  25.25691301   50.383
2016313 121.63276804  25.25691302   50.386
2016314 121.63276804  25.25691304   50.390
2016315 121.63276805  25.25691304   50.386
2016316 121.63276803  25.25691305   50.389
2016317 121.63276808  25.25691301   50.386
2016318 121.63276807  25.25691303   50.380
2016319 121.63276811  25.25691300   50.374
2016320 121.63276811  25.25691300   50.386
2016321 121.63276809  25.25691303   50.388
2016322 121.63276811  25.25691303   50.388
2016323 121.63276810  25.25691304   50.385
2016324 121.63276807  25.25691304   50.377
2016325 121.63276810  25.25691303   50.381
2016326 121.63276807  25.25691307   50.379
2016327 121.63276809  25.25691305   50.391
2016328 121.63276808  25.25691302   50.383
2016329 121.63276806  25.25691304   50.383
2016330 121.63276804  25.25691305   50.374
2016331 121.63276812  25.25691303   50.384
2016332 121.63276809  25.25691304   50.389
2016333 121.63276812  25.25691304   50.385
2016334 121.63276812  25.25691305   50.386
2016335 121.63276813  25.25691305   50.395
2016336 121.63276811  25.25691303   50.385
2016337 121.63276812  25.25691302   50.377
2016338 121.63276812  25.25691305   50.386
2016339 121.63276811  25.25691305   50.376
2016340 121.63276811  25.25691306   50.379
2016343 121.63276810  25.25691302   50.387
2016344 121.63276808  25.25691302   50.384
2016345 121.63276807  25.25691304   50.375
2016346 121.63276810  25.25691305   50.375
2016347 121.63276814  25.25691301   50.386
2016348 121.63276812  25.25691303   50.379
2016349 121.63276809  25.25691305   50.383
2016350 121.63276806  25.25691301   50.386
2016351 121.63276808  25.25691300   50.387
2016352 121.63276806  25.25691300   50.388
2016353 121.63276805  25.25691300   50.376
2016354 121.63276804  25.25691301   50.372
2016355 121.63276811  25.25691306   50.371
2016356 121.63276806  25.25691301   50.383
2016357 121.63276813  25.25691303   50.389
2016358 121.63276811  25.25691305   50.389
2016359 121.63276809  25.25691306   50.391
2016360 121.63276811  25.25691305   50.375
2016361 121.63276813  25.25691301   50.382
2016362 121.63276812  25.25691302   50.389
2016363 121.63276805  25.25691300   50.391
2016364 121.63276804  25.25691299   50.387
2016365 121.63276806  25.25691301   50.389
2016366 121.63276806  25.25691298   50.386
2017005 121.63276809  25.25691301   50.377
2017006 121.63276809  25.25691301   50.387
2017007 121.63276810  25.25691302   50.384
2017008 121.63276809  25.25691302   50.386
2017009 121.63276811  25.25691302   50.389
2017010 121.63276812  25.25691303   50.379
2017011 121.63276811  25.25691303   50.394
2017012 121.63276815  25.25691303   50.391
2017013 121.63276814  25.25691304   50.389
2017014 121.63276813  25.25691300   50.385
2017015 121.63276811  25.25691305   50.391
2017016 121.63276810  25.25691303   50.387
2017017 121.63276812  25.25691303   50.389
2017018 121.63276811  25.25691302   50.388
2017019 121.63276810  25.25691302   50.384
2017020 121.63276813  25.25691301   50.380
2017021 121.63276814  25.25691299   50.385
2017022 121.63276812  25.25691301   50.388
2017023 121.63276812  25.25691301   50.388
2017024 121.63276814  25.25691301   50.391
2017025 121.63276809  25.25691298   50.385
2017026 121.63276809  25.25691298   50.387
2017027 121.63276807  25.25691294   50.379
2017028 121.63276808  25.25691299   50.391
2017029 121.63276810  25.25691299   50.386
2017030 121.63276809  25.25691300   50.382
2017031 121.63276817  25.25691303   50.391
2017032 121.63276813  25.25691301   50.386
2017033 121.63276810  25.25691299   50.391
2017034 121.63276809  25.25691298   50.392
2017035 121.63276810  25.25691298   50.387
2017036 121.63276815  25.25691301   50.389
2017037 121.63276811  25.25691300   50.389
2017038 121.63276811  25.25691300   50.387
2017039 121.63276813  25.25691300   50.379
2017040 121.63276815  25.25691301   50.386
2017041 121.63276817  25.25691302   50.395
2017042 121.63276813  25.25691302   50.393
2017043 121.63276811  25.25691297   50.388
2017044 121.63276810  25.25691299   50.392
2017045 121.63276809  25.25691300   50.389
2017046 121.63276814  25.25691298   50.382
2017047 121.63276813  25.25691297   50.386
2017048 121.63276811  25.25691298   50.386
2017049 121.63276811  25.25691299   50.386
2017050 121.63276818  25.25691301   50.393
2017051 121.63276812  25.25691298   50.373
2017052 121.63276820  25.25691300   50.382
2017053 121.63276820  25.25691301   50.374
2017054 121.63276815  25.25691304   50.382
2017055 121.63276818  25.25691305   50.386
2017056 121.63276818  25.25691305   50.369
2017057 121.63276819  25.25691303   50.382
2017058 121.63276820  25.25691302   50.382
2017059 121.63276815  25.25691300   50.385
2017060 121.63276814  25.25691299   50.389
2017061 121.63276813  25.25691299   50.391
2017062 121.63276815  25.25691301   50.387
2017063 121.63276815  25.25691297   50.381
2017064 121.63276814  25.25691300   50.381
2017065 121.63276813  25.25691299   50.386
2017066 121.63276813  25.25691300   50.384
2017067 121.63276821  25.25691302   50.387
2017068 121.63276821  25.25691304   50.389
2017069 121.63276822  25.25691302   50.386
2017070 121.63276820  25.25691303   50.385
2017071 121.63276821  25.25691303   50.377
2017072 121.63276822  25.25691303   50.372
2017073 121.63276815  25.25691299   50.394
2017074 121.63276817  25.25691299   50.389
2017075 121.63276815  25.25691300   50.382
2017076 121.63276814  25.25691298   50.383
2017077 121.63276814  25.25691299   50.380
2017078 121.63276820  25.25691303   50.374
2017079 121.63276826  25.25691301   50.377
2017080 121.63276815  25.25691297   50.384
2017081 121.63276814  25.25691299   50.377
2017082 121.63276815  25.25691300   50.381
2017083 121.63276815  25.25691297   50.374
2017084 121.63276816  25.25691300   50.379
2017085 121.63276817  25.25691298   50.387
2017086 121.63276814  25.25691301   50.389
2017087 121.63276823  25.25691298   50.385
2017088 121.63276823  25.25691300   50.384
2017089 121.63276828  25.25691298   50.392
2017090 121.63276820  25.25691303   50.374
2017091 121.63276823  25.25691298   50.378
2017092 121.63276821  25.25691300   50.383
2017093 121.63276822  25.25691298   50.388
2017094 121.63276819  25.25691297   50.379
2017095 121.63276825  25.25691296   50.386
2017096 121.63276818  25.25691298   50.385
2017097 121.63276819  25.25691297   50.383
2017098 121.63276817  25.25691300   50.381
2017099 121.63276813  25.25691298   50.365
2017100 121.63276809  25.25691298   50.357
2017101 121.63276827  25.25691304   50.382
2017102 121.63276822  25.25691300   50.382
2017103 121.63276824  25.25691300   50.374
2017104 121.63276822  25.25691302   50.373
2017105 121.63276825  25.25691300   50.373
2017106 121.63276825  25.25691301   50.358
2017107 121.63276825  25.25691305   50.359
2017108 121.63276825  25.25691299   50.338
2017109 121.63276828  25.25691299   50.350
2017110 121.63276821  25.25691296   50.362
2017111 121.63276825  25.25691301   50.368
2017112 121.63276823  25.25691302   50.372
2017113 121.63276826  25.25691302   50.373
2017114 121.63276828  25.25691300   50.369
2017115 121.63276824  25.25691301   50.373
2017116 121.63276828  25.25691300   50.363
2017117 121.63276828  25.25691298   50.374
2017118 121.63276824  25.25691302   50.382
2017119 121.63276826  25.25691303   50.370
2017120 121.63276825  25.25691298   50.361
2017121 121.63276824  25.25691304   50.370
2017122 121.63276826  25.25691298   50.367
2017123 121.63276819  25.25691296   50.367
2017124 121.63276821  25.25691297   50.366
2017125 121.63276817  25.25691297   50.364
2017126 121.63276817  25.25691298   50.361
2017127 121.63276820  25.25691299   50.361
2017128 121.63276812  25.25691299   50.368
2017129 121.63276818  25.25691300   50.355
2017130 121.63276823  25.25691304   50.363
2017131 121.63276828  25.25691302   50.351
2017132 121.63276826  25.25691301   50.344
2017133 121.63276829  25.25691303   50.360
2017134 121.63276828  25.25691300   50.353
2017135 121.63276830  25.25691303   50.356
2017136 121.63276827  25.25691303   50.353
2017137 121.63276828  25.25691304   50.355
2017138 121.63276826  25.25691302   50.353
2017139 121.63276824  25.25691302   50.349
2017140 121.63276831  25.25691299   50.345
2017141 121.63276826  25.25691301   50.360
2017142 121.63276828  25.25691300   50.347
2017143 121.63276824  25.25691297   50.338
2017144 121.63276828  25.25691299   50.355
2017145 121.63276831  25.25691299   50.351
2017146 121.63276826  25.25691303   50.365
2017147 121.63276825  25.25691299   50.347
2017148 121.63276825  25.25691298   50.358
2017149 121.63276829  25.25691301   50.358
2017150 121.63276826  25.25691302   50.360
2017151 121.63276832  25.25691298   50.359
2017152 121.63276820  25.25691294   50.354
2017153 121.63276823  25.25691304   50.356
2017154 121.63276825  25.25691304   50.344
2017155 121.63276832  25.25691305   50.357
2017156 121.63276827  25.25691296   50.366
2017157 121.63276827  25.25691299   50.353
2017158 121.63276824  25.25691295   50.347
2017159 121.63276827  25.25691295   50.351
2017160 121.63276825  25.25691297   50.359
2017161 121.63276824  25.25691294   50.342
2017162 121.63276830  25.25691299   50.352
2017163 121.63276833  25.25691292   50.343
2017164 121.63276836  25.25691294   50.336
2017165 121.63276832  25.25691302   50.330
2017166 121.63276831  25.25691303   50.345
2017167 121.63276829  25.25691302   50.345
2017168 121.63276834  25.25691303   50.346
2017169 121.63276829  25.25691298   50.343
2017170 121.63276831  25.25691302   50.358
2017171 121.63276822  25.25691297   50.353
2017172 121.63276827  25.25691298   50.372
2017173 121.63276829  25.25691296   50.366
2017174 121.63276818  25.25691300   50.362
2017175 121.63276828  25.25691298   50.368
2017176 121.63276832  25.25691298   50.360
2017177 121.63276831  25.25691296   50.371
2017178 121.63276827  25.25691296   50.374
2017179 121.63276819  25.25691300   50.374
2017180 121.63276833  25.25691301   50.349
2017181 121.63276833  25.25691302   50.360
2017182 121.63276834  25.25691300   50.355
2017183 121.63276829  25.25691300   50.348
2017184 121.63276838  25.25691302   50.336
2017185 121.63276836  25.25691297   50.352
2017186 121.63276830  25.25691298   50.357
2017187 121.63276821  25.25691297   50.341
2017188 121.63276827  25.25691298   50.356
2017189 121.63276828  25.25691299   50.357
2017190 121.63276824  25.25691297   50.348
2017191 121.63276836  25.25691299   50.359
2017192 121.63276831  25.25691303   50.365
2017193 121.63276828  25.25691300   50.350
2017194 121.63276829  25.25691298   50.343
2017195 121.63276832  25.25691300   50.329
2017196 121.63276835  25.25691302   50.336
2017197 121.63276837  25.25691300   50.349
2017198 121.63276834  25.25691297   50.353
2017199 121.63276831  25.25691297   50.352
2017200 121.63276829  25.25691297   50.357
2017201 121.63276828  25.25691294   50.350
2017202 121.63276828  25.25691297   50.356
2017203 121.63276829  25.25691300   50.340
2017204 121.63276830  25.25691299   50.359
2017205 121.63276826  25.25691297   50.354
2017206 121.63276827  25.25691297   50.351
2017207 121.63276827  25.25691296   50.366
2017208 121.63276824  25.25691295   50.372
2017209 121.63276833  25.25691294   50.355
2017210 121.63276833  25.25691294   50.370
2017211 121.63276838  25.25691294   50.355
2017212 121.63276832  25.25691297   50.382
2017213 121.63276833  25.25691297   50.388
2017214 121.63276833  25.25691299   50.392
2017215 121.63276826  25.25691296   50.383
2017216 121.63276824  25.25691294   50.389
2017217 121.63276828  25.25691295   50.387
2017218 121.63276826  25.25691294   50.391
2017219 121.63276828  25.25691294   50.386
2017220 121.63276828  25.25691294   50.404
2017221 121.63276826  25.25691295   50.385
2017222 121.63276826  25.25691297   50.397
2017223 121.63276831  25.25691294   50.381
2017224 121.63276825  25.25691295   50.383
2017225 121.63276828  25.25691297   50.380
2017226 121.63276837  25.25691298   50.392
2017227 121.63276830  25.25691293   50.378
2017228 121.63276829  25.25691295   50.381
2017229 121.63276826  25.25691292   50.382
2017230 121.63276829  25.25691291   50.388
2017231 121.63276821  25.25691291   50.379
2017232 121.63276833  25.25691297   50.384
2017233 121.63276835  25.25691296   50.383
2017234 121.63276827  25.25691297   50.397
2017235 121.63276823  25.25691292   50.382
2017236 121.63276828  25.25691294   50.392
2017237 121.63276826  25.25691295   50.397
2017238 121.63276830  25.25691295   50.387
2017239 121.63276830  25.25691291   50.380
2017240 121.63276829  25.25691293   50.381
2017241 121.63276828  25.25691289   50.394
2017242 121.63276836  25.25691296   50.388
2017243 121.63276833  25.25691296   50.375
2017244 121.63276833  25.25691298   50.386
2017245 121.63276832  25.25691298   50.378
2017246 121.63276838  25.25691297   50.376
2017247 121.63276835  25.25691292   50.380
2017248 121.63276831  25.25691295   50.384
2017249 121.63276834  25.25691298   50.379
2017250 121.63276836  25.25691296   50.381
2017251 121.63276833  25.25691297   50.409
2017252 121.63276833  25.25691297   50.392
2017253 121.63276829  25.25691299   50.382
2017254 121.63276833  25.25691296   50.381
2017255 121.63276837  25.25691300   50.388
2017256 121.63276835  25.25691293   50.381
2017257 121.63276828  25.25691295   50.382
2017258 121.63276835  25.25691290   50.381
2017259 121.63276831  25.25691293   50.384
2017260 121.63276829  25.25691295   50.377
2017261 121.63276833  25.25691297   50.388
2017262 121.63276833  25.25691297   50.382
2017263 121.63276829  25.25691299   50.400
2017264 121.63276833  25.25691296   50.378
2017265 121.63276830  25.25691296   50.371
2017266 121.63276831  25.25691294   50.386
2017267 121.63276832  25.25691296   50.388
2017268 121.63276837  25.25691292   50.377
2017269 121.63276831  25.25691294   50.380
2017270 121.63276837  25.25691293   50.384
2017271 121.63276840  25.25691297   50.380
2017272 121.63276834  25.25691296   50.383
2017273 121.63276833  25.25691293   50.389
2017274 121.63276834  25.25691299   50.379
2017275 121.63276834  25.25691295   50.380
2017276 121.63276834  25.25691295   50.383
2017277 121.63276830  25.25691292   50.385
2017278 121.63276830  25.25691292   50.373
2017279 121.63276836  25.25691292   50.399
2017280 121.63276833  25.25691289   50.390
2017281 121.63276836  25.25691294   50.378
2017282 121.63276836  25.25691295   50.381
2017283 121.63276838  25.25691294   50.388
2017284 121.63276832  25.25691293   50.390
2017285 121.63276833  25.25691292   50.391
2017286 121.63276836  25.25691293   50.384
2017287 121.63276836  25.25691296   50.381
2017288 121.63276839  25.25691292   50.388
2017289 121.63276835  25.25691295   50.382
2017290 121.63276836  25.25691288   50.378
2017291 121.63276836  25.25691291   50.396
2017292 121.63276838  25.25691294   50.387
2017293 121.63276838  25.25691291   50.391
2017294 121.63276837  25.25691294   50.393
2017295 121.63276839  25.25691291   50.385
2017296 121.63276838  25.25691294   50.384
2017297 121.63276838  25.25691296   50.393
2017298 121.63276842  25.25691293   50.397
2017299 121.63276838  25.25691291   50.400
2017300 121.63276838  25.25691291   50.385
2017301 121.63276835  25.25691290   50.389
2017302 121.63276836  25.25691289   50.392
2017303 121.63276834  25.25691290   50.394
2017304 121.63276835  25.25691290   50.391
