2016306 140.08750757  36.10567825   67.252
2016307 140.08750751  36.10567824   67.256
2016308 140.08750747  36.10567823   67.270
2016309 140.08750759  36.10567824   67.253
2016310 140.08750756  36.10567820   67.264
2016311 140.08750750  36.10567826   67.260
2016312 140.08750748  36.10567823   67.263
2016313 140.08750747  36.10567822   67.271
2016314 140.08750745  36.10567830   67.268
2016315 140.08750751  36.10567827   67.268
2016316 140.08750745  36.10567828   67.270
2016317 140.08750754  36.10567823   67.264
2016318 140.08750754  36.10567828   67.259
2016319 140.08750761  36.10567820   67.262
2016320 140.08750758  36.10567815   67.266
2016321 140.08750751  36.10567823   67.276
2016322 140.08750754  36.10567820   67.269
2016323 140.08750764  36.10567821   67.271
2016324 140.08750756  36.10567832   67.259
2016325 140.08750758  36.10567828   67.271
2016326 140.08750750  36.10567834   67.259
2016327 140.08750752  36.10567827   67.276
2016328 140.08750753  36.10567822   67.263
2016329 140.08750756  36.10567823   67.235
2016330 140.08750750  36.10567826   67.257
2016331 140.08750755  36.10567823   67.273
2016332 140.08750748  36.10567822   67.269
2016333 140.08750756  36.10567821   67.265
2016334 140.08750760  36.10567822   67.266
2016335 140.08750757  36.10567822   67.264
2016336 140.08750753  36.10567825   67.259
2016337 140.08750759  36.10567825   67.254
2016338 140.08750762  36.10567823   67.264
2016339 140.08750761  36.10567832   67.246
2016340 140.08750753  36.10567835   67.246
2016341 140.08750753  36.10567831   67.249
2016342 140.08750747  36.10567823   67.278
2016343 140.08750756  36.10567821   67.262
2016344 140.08750749  36.10567823   67.266
2016345 140.08750752  36.10567826   67.257
2016346 140.08750760  36.10567821   67.260
2016347 140.08750763  36.10567818   67.268
2016348 140.08750754  36.10567832   67.258
2016349 140.08750754  36.10567828   67.258
2016350 140.08750749  36.10567823   67.256
2016351 140.08750748  36.10567825   67.259
2016352 140.08750749  36.10567825   67.262
2016353 140.08750753  36.10567823   67.258
2016354 140.08750753  36.10567823   67.252
2016355 140.08750761  36.10567828   67.246
2016356 140.08750748  36.10567828   67.257
2016357 140.08750761  36.10567825   67.269
2016358 140.08750751  36.10567831   67.263
2016359 140.08750753  36.10567830   67.253
2016360 140.08750762  36.10567827   67.241
2016362 140.08750752  36.10567822   67.263
2016363 140.08750750  36.10567817   67.261
2016364 140.08750740  36.10567823   67.264
2016365 140.08750746  36.10567825   67.262
2016366 140.08750749  36.10567821   67.259
2017001 140.08750747  36.10567832   67.252
2017002 140.08750754  36.10567827   67.256
2017003 140.08750754  36.10567824   67.252
2017004 140.08750751  36.10567826   67.258
2017005 140.08750756  36.10567832   67.248
2017006 140.08750754  36.10567822   67.253
2017007 140.08750753  36.10567827   67.261
2017008 140.08750746  36.10567828   67.266
2017009 140.08750751  36.10567828   67.260
2017010 140.08750760  36.10567826   67.255
2017011 140.08750754  36.10567821   67.271
2017012 140.08750756  36.10567826   67.272
2017013 140.08750755  36.10567828   67.261
2017014 140.08750754  36.10567818   67.261
2017015 140.08750749  36.10567829   67.268
2017016 140.08750748  36.10567824   67.263
2017017 140.08750757  36.10567823   67.263
2017018 140.08750751  36.10567821   67.264
2017019 140.08750754  36.10567823   67.258
2017020 140.08750763  36.10567821   67.257
2017021 140.08750756  36.10567819   67.261
2017022 140.08750752  36.10567825   67.263
2017023 140.08750754  36.10567825   67.263
2017024 140.08750758  36.10567817   67.274
2017025 140.08750748  36.10567819   67.263
2017026 140.08750751  36.10567815   67.262
2017027 140.08750755  36.10567818   67.251
2017028 140.08750749  36.10567823   67.269
2017029 140.08750752  36.10567826   67.253
2017030 140.08750753  36.10567827   67.249
2017031 140.08750758  36.10567823   67.267
2017032 140.08750754  36.10567821   67.265
2017033 140.08750752  36.10567817   67.266
2017034 140.08750753  36.10567817   67.271
2017035 140.08750752  36.10567818   67.273
2017036 140.08750763  36.10567820   67.263
2017037 140.08750752  36.10567818   67.272
2017038 140.08750750  36.10567819   67.271
2017039 140.08750760  36.10567820   67.257
2017040 140.08750758  36.10567817   67.264
2017041 140.08750758  36.10567817   67.270
2017042 140.08750752  36.10567824   67.267
2017043 140.08750753  36.10567814   67.267
2017044 140.08750752  36.10567821   67.263
2017045 140.08750751  36.10567820   67.262
2017046 140.08750757  36.10567818   67.256
2017047 140.08750754  36.10567822   67.251
2017048 140.08750754  36.10567820   67.248
2017049 140.08750751  36.10567818   67.270
2017050 140.08750761  36.10567823   67.259
2017051 140.08750753  36.10567821   67.250
2017052 140.08750767  36.10567821   67.255
2017053 140.08750763  36.10567824   67.257
2017054 140.08750755  36.10567834   67.261
2017055 140.08750760  36.10567829   67.264
2017056 140.08750766  36.10567836   67.240
2017057 140.08750765  36.10567821   67.261
2017058 140.08750764  36.10567826   67.253
2017059 140.08750757  36.10567825   67.253
2017060 140.08750752  36.10567822   67.263
2017061 140.08750756  36.10567819   67.268
2017062 140.08750761  36.10567826   67.250
2017063 140.08750759  36.10567818   67.249
2017064 140.08750753  36.10567828   67.254
2017065 140.08750750  36.10567820   67.269
2017066 140.08750753  36.10567821   67.261
2017067 140.08750764  36.10567822   67.274
2017068 140.08750764  36.10567827   67.258
2017069 140.08750765  36.10567823   67.269
2017070 140.08750768  36.10567826   67.259
2017071 140.08750769  36.10567830   67.250
2017072 140.08750769  36.10567825   67.253
2017073 140.08750751  36.10567821   67.275
2017074 140.08750755  36.10567825   67.262
2017075 140.08750763  36.10567830   67.263
2017076 140.08750759  36.10567815   67.262
2017077 140.08750756  36.10567823   67.256
2017078 140.08750768  36.10567831   67.257
2017079 140.08750768  36.10567820   67.259
2017080 140.08750758  36.10567817   67.264
2017081 140.08750762  36.10567824   67.253
2017082 140.08750757  36.10567826   67.269
2017083 140.08750764  36.10567816   67.257
2017084 140.08750758  36.10567825   67.258
2017085 140.08750761  36.10567814   67.264
2017086 140.08750756  36.10567818   67.271
2017087 140.08750765  36.10567817   67.266
2017088 140.08750763  36.10567822   67.267
2017089 140.08750768  36.10567817   67.272
2017090 140.08750765  36.10567828   67.265
2017091 140.08750772  36.10567813   67.270
2017092 140.08750769  36.10567813   67.259
2017093 140.08750759  36.10567812   67.267
2017094 140.08750762  36.10567818   67.261
2017095 140.08750768  36.10567811   67.268
2017096 140.08750760  36.10567816   67.267
2017097 140.08750760  36.10567820   67.258
2017098 140.08750761  36.10567826   67.259
2017099 140.08750765  36.10567819   67.247
2017100 140.08750764  36.10567825   67.249
2017101 140.08750774  36.10567828   67.274
2017102 140.08750755  36.10567826   67.268
2017103 140.08750767  36.10567822   67.264
2017104 140.08750765  36.10567828   67.257
2017105 140.08750774  36.10567821   67.260
2017106 140.08750772  36.10567823   67.255
2017107 140.08750779  36.10567831   67.244
2017108 140.08750776  36.10567821   67.250
2017109 140.08750780  36.10567817   67.244
2017110 140.08750763  36.10567820   67.252
2017111 140.08750767  36.10567821   67.272
2017112 140.08750761  36.10567819   67.265
2017113 140.08750764  36.10567821   67.265
2017114 140.08750754  36.10567826   67.263
2017115 140.08750760  36.10567823   67.265
2017116 140.08750770  36.10567822   67.265
2017117 140.08750767  36.10567810   67.273
2017118 140.08750764  36.10567819   67.285
2017119 140.08750771  36.10567824   67.265
2017120 140.08750767  36.10567815   67.265
2017121 140.08750765  36.10567828   67.266
2017122 140.08750762  36.10567818   67.269
2017123 140.08750761  36.10567818   67.264
2017124 140.08750762  36.10567818   67.260
2017125 140.08750757  36.10567815   67.278
2017126 140.08750755  36.10567824   67.277
2017127 140.08750761  36.10567820   67.268
2017128 140.08750749  36.10567832   67.251
2017129 140.08750757  36.10567818   67.267
2017130 140.08750765  36.10567823   67.255
2017131 140.08750776  36.10567820   67.253
2017132 140.08750779  36.10567820   67.247
2017133 140.08750771  36.10567828   67.261
2017134 140.08750772  36.10567817   67.260
2017136 140.08750763  36.10567833   67.252
2017137 140.08750764  36.10567824   67.251
2017138 140.08750757  36.10567825   67.262
2017139 140.08750766  36.10567823   67.254
2017140 140.08750777  36.10567815   67.257
2017141 140.08750760  36.10567831   67.258
2017142 140.08750765  36.10567831   67.249
2017143 140.08750768  36.10567826   67.244
2017144 140.08750766  36.10567825   67.255
2017145 140.08750771  36.10567820   67.264
2017146 140.08750752  36.10567827   67.271
2017147 140.08750768  36.10567825   67.247
2017148 140.08750764  36.10567814   67.278
2017149 140.08750764  36.10567824   67.271
2017150 140.08750765  36.10567829   67.258
2017151 140.08750772  36.10567825   67.253
2017152 140.08750776  36.10567828   67.240
2017153 140.08750761  36.10567835   67.240
2017154 140.08750766  36.10567826   67.252
2017155 140.08750774  36.10567827   67.253
2017156 140.08750768  36.10567817   67.267
2017157 140.08750767  36.10567832   67.246
2017158 140.08750763  36.10567817   67.268
2017159 140.08750768  36.10567819   67.269
2017160 140.08750767  36.10567820   67.257
2017161 140.08750772  36.10567808   67.265
2017162 140.08750778  36.10567818   67.261
2017163 140.08750774  36.10567815   67.256
2017164 140.08750781  36.10567818   67.251
2017165 140.08750770  36.10567822   67.256
2017166 140.08750769  36.10567833   67.249
2017167 140.08750768  36.10567829   67.252
2017168 140.08750771  36.10567827   67.254
2017169 140.08750768  36.10567822   67.259
2017170 140.08750774  36.10567825   67.265
2017171 140.08750761  36.10567831   67.238
2017172 140.08750764  36.10567825   67.262
2017173 140.08750773  36.10567820   67.262
2017174 140.08750768  36.10567811   67.266
2017175 140.08750760  36.10567813   67.277
2017176 140.08750765  36.10567824   67.260
2017177 140.08750768  36.10567813   67.252
2017178 140.08750761  36.10567816   67.261
2017179 140.08750754  36.10567820   67.269
2017180 140.08750767  36.10567819   67.269
2017181 140.08750766  36.10567826   67.260
2017182 140.08750772  36.10567823   67.268
2017183 140.08750776  36.10567819   67.249
2017184 140.08750781  36.10567826   67.247
2017185 140.08750773  36.10567814   67.262
2017186 140.08750764  36.10567816   67.284
2017187 140.08750764  36.10567822   67.247
2017188 140.08750767  36.10567821   67.265
2017189 140.08750765  36.10567822   67.267
2017190 140.08750760  36.10567827   67.241
2017191 140.08750766  36.10567825   67.263
2017192 140.08750766  36.10567819   67.275
2017193 140.08750763  36.10567817   67.287
2017194 140.08750761  36.10567814   67.272
2017195 140.08750771  36.10567824   67.245
2017196 140.08750770  36.10567825   67.256
2017197 140.08750769  36.10567814   67.261
2017198 140.08750767  36.10567809   67.282
2017199 140.08750766  36.10567812   67.263
2017200 140.08750765  36.10567814   67.263
2017201 140.08750762  36.10567808   67.275
2017202 140.08750761  36.10567811   67.257
2017203 140.08750772  36.10567809   67.261
2017204 140.08750761  36.10567818   67.264
2017205 140.08750767  36.10567809   67.265
2017206 140.08750769  36.10567805   67.267
2017207 140.08750758  36.10567814   67.256
2017208 140.08750760  36.10567818   67.260
2017209 140.08750773  36.10567816   67.235
2017210 140.08750770  36.10567812   67.254
2017211 140.08750770  36.10567817   67.256
2017212 140.08750778  36.10567820   67.252
2017213 140.08750779  36.10567822   67.253
2017214 140.08750775  36.10567826   67.240
2017215 140.08750763  36.10567820   67.245
2017216 140.08750763  36.10567820   67.245
2017217 140.08750768  36.10567818   67.242
2017218 140.08750767  36.10567819   67.255
2017219 140.08750771  36.10567813   67.269
2017220 140.08750761  36.10567812   67.268
2017221 140.08750770  36.10567807   67.255
2017222 140.08750768  36.10567820   67.264
2017223 140.08750784  36.10567813   67.246
2017224 140.08750769  36.10567814   67.244
2017225 140.08750774  36.10567815   67.252
2017226 140.08750779  36.10567822   67.260
2017227 140.08750771  36.10567814   67.249
2017228 140.08750763  36.10567819   67.236
2017229 140.08750769  36.10567813   67.264
2017230 140.08750773  36.10567814   67.248
2017231 140.08750758  36.10567818   67.252
2017232 140.08750782  36.10567822   67.246
2017233 140.08750781  36.10567811   67.245
2017234 140.08750761  36.10567820   67.257
2017235 140.08750767  36.10567820   67.234
2017236 140.08750762  36.10567823   67.254
2017237 140.08750758  36.10567819   67.261
2017238 140.08750765  36.10567824   67.260
2017239 140.08750766  36.10567823   67.248
2017240 140.08750772  36.10567813   67.250
2017241 140.08750766  36.10567814   67.258
2017242 140.08750774  36.10567813   67.275
2017243 140.08750765  36.10567814   67.235
2017244 140.08750778  36.10567812   67.265
2017245 140.08750778  36.10567820   67.257
2017246 140.08750774  36.10567826   67.249
2017247 140.08750779  36.10567813   67.253
2017248 140.08750777  36.10567817   67.243
2017249 140.08750772  36.10567830   67.248
2017250 140.08750774  36.10567823   67.250
2017251 140.08750768  36.10567820   67.268
2017252 140.08750774  36.10567830   67.248
2017253 140.08750771  36.10567826   67.247
2017254 140.08750777  36.10567824   67.250
2017255 140.08750768  36.10567826   67.248
2017256 140.08750776  36.10567816   67.263
2017257 140.08750764  36.10567821   67.265
2017258 140.08750776  36.10567814   67.249
2017259 140.08750766  36.10567822   67.259
2017260 140.08750762  36.10567823   67.277
2017261 140.08750775  36.10567821   67.263
2017262 140.08750766  36.10567832   67.243
2017263 140.08750771  36.10567822   67.245
2017264 140.08750774  36.10567826   67.243
2017265 140.08750771  36.10567825   67.241
2017266 140.08750765  36.10567821   67.257
2017267 140.08750771  36.10567823   67.265
2017268 140.08750787  36.10567816   67.250
2017269 140.08750766  36.10567820   67.254
2017270 140.08750779  36.10567819   67.252
2017271 140.08750783  36.10567814   67.246
2017272 140.08750772  36.10567817   67.257
2017273 140.08750770  36.10567818   67.263
2017274 140.08750772  36.10567825   67.250
2017275 140.08750776  36.10567818   67.254
2017276 140.08750766  36.10567811   67.271
2017277 140.08750759  36.10567818   67.252
2017278 140.08750766  36.10567818   67.250
2017279 140.08750769  36.10567807   67.272
2017280 140.08750765  36.10567810   67.262
2017281 140.08750767  36.10567814   67.257
2017282 140.08750767  36.10567817   67.263
2017283 140.08750769  36.10567809   67.276
2017284 140.08750774  36.10567809   67.260
2017285 140.08750768  36.10567812   67.272
2017286 140.08750768  36.10567809   67.262
2017287 140.08750774  36.10567815   67.251
2017288 140.08750778  36.10567811   67.260
2017290 140.08750774  36.10567810   67.242
2017291 140.08750772  36.10567808   67.257
2017292 140.08750774  36.10567816   67.250
2017293 140.08750769  36.10567808   67.267
2017294 140.08750773  36.10567810   67.271
2017295 140.08750778  36.10567811   67.271
2017296 140.08750767  36.10567814   67.269
2017297 140.08750772  36.10567812   67.274
2017298 140.08750774  36.10567807   67.276
2017299 140.08750774  36.10567810   67.260
2017300 140.08750774  36.10567814   67.258
2017301 140.08750769  36.10567804   67.263
2017302 140.08750769  36.10567808   67.276
2017303 140.08750764  36.10567811   67.272
2017304 140.08750766  36.10567801   67.276
