2016306 121.59179030  25.27192061  177.798
2016307 121.59179029  25.27192060  177.807
2016308 121.59179029  25.27192061  177.818
2016309 121.59179033  25.27192059  177.803
2016310 121.59179031  25.27192057  177.810
2016311 121.59179027  25.27192058  177.796
2016312 121.59179027  25.27192058  177.800
2016313 121.59179027  25.27192060  177.811
2016314 121.59179028  25.27192062  177.812
2016315 121.59179028  25.27192062  177.812
2016316 121.59179027  25.27192060  177.808
2016317 121.59179032  25.27192059  177.810
2016318 121.59179031  25.27192061  177.805
2016319 121.59179034  25.27192058  177.801
2016320 121.59179033  25.27192057  177.808
2016321 121.59179032  25.27192058  177.810
2016322 121.59179034  25.27192060  177.810
2016323 121.59179033  25.27192062  177.810
2016324 121.59179030  25.27192062  177.798
2016325 121.59179034  25.27192061  177.804
2016326 121.59179030  25.27192064  177.799
2016327 121.59179031  25.27192062  177.817
2016328 121.59179030  25.27192060  177.808
2016329 121.59179029  25.27192061  177.803
2016330 121.59179027  25.27192063  177.801
2016331 121.59179035  25.27192061  177.801
2016332 121.59179031  25.27192061  177.817
2016333 121.59179035  25.27192062  177.810
2016334 121.59179034  25.27192061  177.809
2016335 121.59179032  25.27192062  177.814
2016336 121.59179033  25.27192061  177.805
2016337 121.59179036  25.27192061  177.798
2016338 121.59179035  25.27192062  177.810
2016339 121.59179034  25.27192063  177.798
2016340 121.59179035  25.27192064  177.806
2016341 121.59179034  25.27192064  177.802
2016342 121.59179031  25.27192060  177.810
2016343 121.59179030  25.27192060  177.808
2016344 121.59179031  25.27192059  177.813
2016345 121.59179030  25.27192061  177.804
2016346 121.59179034  25.27192060  177.801
2016347 121.59179037  25.27192060  177.810
2016348 121.59179035  25.27192060  177.803
2016349 121.59179033  25.27192062  177.802
2016350 121.59179028  25.27192059  177.809
2016351 121.59179030  25.27192058  177.809
2016352 121.59179030  25.27192057  177.806
2016353 121.59179031  25.27192053  177.785
2016354 121.59179033  25.27192052  177.778
2016355 121.59179039  25.27192057  177.785
2016356 121.59179031  25.27192058  177.803
2016357 121.59179035  25.27192060  177.806
2016358 121.59179033  25.27192063  177.815
2016359 121.59179033  25.27192061  177.811
2016360 121.59179038  25.27192059  177.789
2016361 121.59179035  25.27192059  177.803
2016362 121.59179036  25.27192059  177.806
2016363 121.59179029  25.27192057  177.810
2016364 121.59179028  25.27192057  177.805
2016365 121.59179030  25.27192057  177.803
2016366 121.59179031  25.27192054  177.801
2017001 121.59179031  25.27192056  177.797
2017002 121.59179031  25.27192058  177.806
2017003 121.59179031  25.27192058  177.803
2017004 121.59179033  25.27192056  177.795
2017005 121.59179033  25.27192059  177.794
2017006 121.59179031  25.27192058  177.804
2017007 121.59179032  25.27192059  177.797
2017008 121.59179033  25.27192059  177.806
2017009 121.59179035  25.27192061  177.805
2017010 121.59179036  25.27192061  177.798
2017011 121.59179034  25.27192060  177.811
2017012 121.59179038  25.27192061  177.810
2017013 121.59179037  25.27192063  177.807
2017014 121.59179037  25.27192059  177.803
2017015 121.59179034  25.27192064  177.811
2017016 121.59179035  25.27192062  177.806
2017017 121.59179039  25.27192059  177.801
2017018 121.59179036  25.27192060  177.809
2017019 121.59179035  25.27192059  177.805
2017020 121.59179037  25.27192059  177.798
2017021 121.59179038  25.27192057  177.803
2017022 121.59179035  25.27192059  177.807
2017023 121.59179038  25.27192059  177.804
2017024 121.59179038  25.27192059  177.808
2017025 121.59179033  25.27192057  177.805
2017026 121.59179033  25.27192054  177.803
2017027 121.59179028  25.27192050  177.804
2017028 121.59179032  25.27192056  177.806
2017029 121.59179033  25.27192057  177.801
2017030 121.59179032  25.27192058  177.802
2017031 121.59179041  25.27192060  177.808
2017032 121.59179035  25.27192058  177.804
2017033 121.59179034  25.27192056  177.809
2017034 121.59179034  25.27192053  177.804
2017035 121.59179035  25.27192055  177.803
2017036 121.59179037  25.27192058  177.807
2017037 121.59179035  25.27192057  177.809
2017038 121.59179034  25.27192057  177.806
2017039 121.59179036  25.27192058  177.801
2017040 121.59179039  25.27192058  177.802
2017041 121.59179040  25.27192059  177.809
2017042 121.59179036  25.27192059  177.808
2017043 121.59179035  25.27192054  177.803
2017044 121.59179034  25.27192056  177.807
2017045 121.59179034  25.27192056  177.805
2017046 121.59179037  25.27192054  177.801
2017047 121.59179035  25.27192054  177.803
2017048 121.59179033  25.27192055  177.796
2017049 121.59179034  25.27192055  177.808
2017050 121.59179043  25.27192059  177.809
2017051 121.59179036  25.27192056  177.796
2017052 121.59179043  25.27192058  177.792
2017053 121.59179044  25.27192059  177.798
2017054 121.59179037  25.27192063  177.800
2017055 121.59179040  25.27192062  177.806
2017056 121.59179041  25.27192063  177.790
2017057 121.59179043  25.27192060  177.803
2017058 121.59179042  25.27192059  177.797
2017059 121.59179039  25.27192058  177.799
2017060 121.59179038  25.27192055  177.806
2017061 121.59179036  25.27192056  177.809
2017062 121.59179039  25.27192057  177.802
2017063 121.59179037  25.27192054  177.800
2017064 121.59179035  25.27192056  177.795
2017065 121.59179036  25.27192056  177.801
2017066 121.59179036  25.27192057  177.803
2017067 121.59179044  25.27192059  177.804
2017068 121.59179041  25.27192062  177.805
2017069 121.59179043  25.27192060  177.808
2017070 121.59179043  25.27192059  177.801
2017071 121.59179046  25.27192059  177.795
2017072 121.59179047  25.27192058  177.793
2017073 121.59179038  25.27192056  177.814
2017074 121.59179039  25.27192057  177.809
2017075 121.59179038  25.27192057  177.801
2017076 121.59179038  25.27192055  177.804
2017077 121.59179038  25.27192056  177.801
2017078 121.59179044  25.27192060  177.797
2017079 121.59179044  25.27192056  177.799
2017080 121.59179039  25.27192054  177.800
2017081 121.59179038  25.27192054  177.799
2017082 121.59179039  25.27192057  177.801
2017083 121.59179041  25.27192053  177.799
2017084 121.59179038  25.27192057  177.801
2017085 121.59179041  25.27192055  177.806
2017086 121.59179040  25.27192055  177.800
2017087 121.59179047  25.27192056  177.802
2017088 121.59179047  25.27192057  177.804
2017089 121.59179047  25.27192058  177.806
2017090 121.59179043  25.27192060  177.795
2017091 121.59179048  25.27192056  177.800
2017092 121.59179043  25.27192056  177.801
2017093 121.59179047  25.27192052  177.806
2017094 121.59179042  25.27192055  177.800
2017095 121.59179048  25.27192054  177.805
2017096 121.59179041  25.27192055  177.806
2017097 121.59179042  25.27192054  177.803
2017098 121.59179041  25.27192057  177.803
2017099 121.59179037  25.27192054  177.787
2017100 121.59179038  25.27192052  177.789
2017101 121.59179050  25.27192062  177.808
2017102 121.59179044  25.27192059  177.807
2017103 121.59179047  25.27192058  177.799
2017104 121.59179045  25.27192058  177.795
2017105 121.59179048  25.27192056  177.798
2017106 121.59179047  25.27192058  177.782
2017107 121.59179048  25.27192061  177.795
2017108 121.59179047  25.27192058  177.780
2017109 121.59179047  25.27192056  177.782
2017110 121.59179036  25.27192053  177.788
2017111 121.59179047  25.27192058  177.802
2017112 121.59179043  25.27192059  177.802
2017113 121.59179048  25.27192058  177.806
2017114 121.59179051  25.27192056  177.797
2017115 121.59179045  25.27192058  177.802
2017116 121.59179049  25.27192058  177.799
2017117 121.59179049  25.27192056  177.806
2017118 121.59179046  25.27192059  177.811
2017119 121.59179049  25.27192060  177.805
2017120 121.59179050  25.27192056  177.795
2017121 121.59179047  25.27192060  177.803
2017122 121.59179048  25.27192055  177.800
2017123 121.59179041  25.27192053  177.800
2017124 121.59179042  25.27192054  177.800
2017125 121.59179041  25.27192055  177.804
2017126 121.59179039  25.27192056  177.799
2017127 121.59179042  25.27192056  177.798
2017128 121.59179033  25.27192057  177.794
2017129 121.59179041  25.27192053  177.791
2017130 121.59179045  25.27192058  177.794
2017131 121.59179051  25.27192059  177.790
2017132 121.59179048  25.27192059  177.804
2017133 121.59179048  25.27192061  177.805
2017134 121.59179050  25.27192058  177.794
2017135 121.59179051  25.27192062  177.809
2017136 121.59179047  25.27192061  177.803
2017137 121.59179045  25.27192060  177.805
2017138 121.59179047  25.27192057  177.798
2017139 121.59179048  25.27192057  177.795
2017140 121.59179054  25.27192055  177.796
2017141 121.59179047  25.27192060  177.813
2017142 121.59179050  25.27192059  177.801
2017143 121.59179047  25.27192056  177.795
2017144 121.59179049  25.27192057  177.799
2017145 121.59179051  25.27192057  177.799
2017146 121.59179045  25.27192061  177.818
2017147 121.59179048  25.27192057  177.799
2017148 121.59179047  25.27192056  177.805
2017149 121.59179052  25.27192058  177.803
2017150 121.59179050  25.27192059  177.795
2017151 121.59179052  25.27192056  177.789
2017152 121.59179049  25.27192051  177.796
2017153 121.59179046  25.27192063  177.792
2017154 121.59179049  25.27192060  177.786
2017155 121.59179054  25.27192063  177.800
2017156 121.59179049  25.27192055  177.804
2017157 121.59179052  25.27192061  177.793
2017158 121.59179048  25.27192055  177.793
2017159 121.59179048  25.27192054  177.796
2017160 121.59179047  25.27192056  177.798
2017161 121.59179050  25.27192054  177.795
2017162 121.59179052  25.27192057  177.805
2017163 121.59179053  25.27192053  177.791
2017164 121.59179060  25.27192052  177.788
2017165 121.59179052  25.27192059  177.794
2017166 121.59179049  25.27192061  177.805
2017167 121.59179049  25.27192057  177.793
2017168 121.59179054  25.27192059  177.803
2017169 121.59179049  25.27192053  177.790
2017170 121.59179052  25.27192057  177.798
2017171 121.59179038  25.27192052  177.786
2017172 121.59179045  25.27192053  177.795
2017173 121.59179049  25.27192056  177.802
2017174 121.59179042  25.27192057  177.799
2017175 121.59179042  25.27192054  177.800
2017176 121.59179040  25.27192053  177.760
2017177 121.59179043  25.27192051  177.789
2017178 121.59179047  25.27192053  177.785
2017179 121.59179042  25.27192057  177.814
2017180 121.59179054  25.27192058  177.791
2017181 121.59179053  25.27192061  177.802
2017182 121.59179054  25.27192057  177.798
2017183 121.59179050  25.27192056  177.795
2017184 121.59179059  25.27192060  177.782
2017185 121.59179055  25.27192053  177.801
2017186 121.59179051  25.27192055  177.800
2017187 121.59179043  25.27192053  177.783
2017188 121.59179050  25.27192054  177.801
2017189 121.59179048  25.27192055  177.800
2017190 121.59179046  25.27192055  177.804
2017191 121.59179057  25.27192056  177.797
2017192 121.59179052  25.27192060  177.811
2017193 121.59179049  25.27192056  177.810
2017194 121.59179049  25.27192054  177.794
2017195 121.59179052  25.27192055  177.789
2017196 121.59179054  25.27192056  177.792
2017197 121.59179059  25.27192053  177.793
2017198 121.59179054  25.27192052  177.807
2017199 121.59179053  25.27192052  177.800
2017200 121.59179048  25.27192052  177.803
2017201 121.59179046  25.27192050  177.802
2017202 121.59179049  25.27192050  177.794
2017203 121.59179049  25.27192050  177.783
2017204 121.59179048  25.27192054  177.799
2017205 121.59179048  25.27192052  177.789
2017206 121.59179047  25.27192052  177.795
2017207 121.59179045  25.27192052  177.804
2017208 121.59179046  25.27192051  177.785
2017209 121.59179049  25.27192049  177.786
2017210 121.59179049  25.27192055  177.807
2017211 121.59179054  25.27192058  177.786
2017212 121.59179056  25.27192056  177.797
2017213 121.59179056  25.27192056  177.798
2017214 121.59179056  25.27192058  177.800
2017215 121.59179049  25.27192055  177.786
2017216 121.59179046  25.27192054  177.796
2017217 121.59179047  25.27192049  177.784
2017218 121.59179051  25.27192049  177.792
2017219 121.59179051  25.27192052  177.799
2017220 121.59179045  25.27192048  177.775
2017221 121.59179047  25.27192047  177.779
2017222 121.59179045  25.27192053  177.789
2017223 121.59179054  25.27192052  177.787
2017224 121.59179051  25.27192054  177.790
2017225 121.59179054  25.27192056  177.787
2017226 121.59179059  25.27192057  177.801
2017227 121.59179054  25.27192053  177.789
2017228 121.59179052  25.27192053  177.793
2017229 121.59179049  25.27192051  177.795
2017230 121.59179052  25.27192049  177.791
2017231 121.59179045  25.27192052  177.792
2017232 121.59179054  25.27192056  177.792
2017233 121.59179050  25.27192053  177.797
2017234 121.59179049  25.27192052  177.812
2017235 121.59179045  25.27192051  177.792
2017236 121.59179048  25.27192052  177.802
2017237 121.59179049  25.27192049  177.791
2017238 121.59179051  25.27192051  177.796
2017239 121.59179052  25.27192051  177.796
2017240 121.59179048  25.27192048  177.787
2017241 121.59179046  25.27192046  177.808
2017242 121.59179052  25.27192052  177.801
2017243 121.59179052  25.27192054  177.799
2017244 121.59179052  25.27192054  177.800
2017245 121.59179056  25.27192055  177.791
2017246 121.59179059  25.27192055  177.795
2017247 121.59179058  25.27192051  177.789
2017248 121.59179056  25.27192048  177.792
2017249 121.59179056  25.27192056  177.794
2017250 121.59179059  25.27192053  177.791
2017251 121.59179054  25.27192056  177.818
2017252 121.59179055  25.27192056  177.805
2017253 121.59179052  25.27192056  177.796
2017254 121.59179056  25.27192053  177.790
2017255 121.59179054  25.27192058  177.799
2017256 121.59179058  25.27192052  177.799
2017257 121.59179054  25.27192051  177.794
2017258 121.59179058  25.27192048  177.792
2017259 121.59179053  25.27192051  177.794
2017260 121.59179051  25.27192053  177.791
2017261 121.59179057  25.27192054  177.799
2017262 121.59179054  25.27192055  177.790
2017263 121.59179050  25.27192057  177.808
2017264 121.59179056  25.27192054  177.792
2017265 121.59179052  25.27192052  177.779
2017266 121.59179052  25.27192053  177.802
2017267 121.59179055  25.27192053  177.806
2017268 121.59179061  25.27192050  177.796
2017269 121.59179056  25.27192053  177.795
2017270 121.59179060  25.27192050  177.790
2017271 121.59179058  25.27192054  177.794
2017272 121.59179057  25.27192051  177.792
2017273 121.59179056  25.27192045  177.791
2017274 121.59179058  25.27192055  177.792
2017275 121.59179057  25.27192052  177.794
2017276 121.59179056  25.27192053  177.799
2017277 121.59179049  25.27192050  177.796
2017278 121.59179051  25.27192048  177.786
2017279 121.59179053  25.27192048  177.805
2017280 121.59179049  25.27192048  177.810
2017281 121.59179049  25.27192052  177.800
2017282 121.59179050  25.27192051  177.794
2017283 121.59179052  25.27192048  177.806
2017284 121.59179049  25.27192052  177.795
2017285 121.59179048  25.27192050  177.813
2017286 121.59179054  25.27192051  177.802
2017287 121.59179052  25.27192054  177.797
2017288 121.59179063  25.27192048  177.800
2017289 121.59179056  25.27192053  177.799
2017290 121.59179053  25.27192048  177.796
2017291 121.59179058  25.27192049  177.806
2017292 121.59179059  25.27192051  177.798
2017293 121.59179060  25.27192050  177.800
2017294 121.59179059  25.27192052  177.804
2017295 121.59179061  25.27192049  177.794
2017296 121.59179058  25.27192052  177.800
2017297 121.59179057  25.27192054  177.809
2017298 121.59179063  25.27192051  177.808
2017299 121.59179059  25.27192051  177.811
2017300 121.59179059  25.27192051  177.795
2017301 121.59179057  25.27192048  177.798
2017302 121.59179056  25.27192049  177.805
2017303 121.59179055  25.27192048  177.805
2017304 121.59179056  25.27192047  177.803
