2016306 121.52194053  25.26740680  115.847
2016307 121.52194051  25.26740680  115.856
2016308 121.52194050  25.26740682  115.869
2016309 121.52194053  25.26740680  115.854
2016310 121.52194053  25.26740679  115.867
2016311 121.52194049  25.26740679  115.850
2016312 121.52194050  25.26740679  115.854
2016313 121.52194048  25.26740680  115.860
2016314 121.52194049  25.26740682  115.862
2016315 121.52194049  25.26740681  115.862
2016316 121.52194046  25.26740681  115.859
2016317 121.52194053  25.26740679  115.861
2016318 121.52194053  25.26740682  115.854
2016319 121.52194055  25.26740679  115.849
2016320 121.52194054  25.26740676  115.856
2016321 121.52194051  25.26740678  115.856
2016322 121.52194056  25.26740681  115.858
2016323 121.52194054  25.26740682  115.853
2016324 121.52194052  25.26740682  115.840
2016325 121.52194054  25.26740681  115.853
2016326 121.52194052  25.26740684  115.846
2016327 121.52194054  25.26740681  115.861
2016328 121.52194052  25.26740680  115.856
2016329 121.52194049  25.26740681  115.857
2016330 121.52194054  25.26740674  115.837
2016331 121.52194055  25.26740682  115.854
2016332 121.52194052  25.26740680  115.857
2016333 121.52194054  25.26740681  115.856
2016334 121.52194057  25.26740682  115.861
2016336 121.52194054  25.26740681  115.855
2016337 121.52194057  25.26740680  115.845
2016338 121.52194059  25.26740681  115.859
2016339 121.52194056  25.26740683  115.848
2016340 121.52194054  25.26740683  115.854
2016341 121.52194056  25.26740684  115.848
2016342 121.52194052  25.26740679  115.861
2016343 121.52194054  25.26740679  115.854
2016344 121.52194049  25.26740678  115.849
2016345 121.52194055  25.26740680  115.843
2016350 121.52194049  25.26740679  115.860
2016351 121.52194052  25.26740677  115.855
2016352 121.52194051  25.26740676  115.849
2016353 121.52194053  25.26740678  115.848
2016354 121.52194054  25.26740676  115.839
2016355 121.52194059  25.26740676  115.842
2016356 121.52194051  25.26740677  115.859
2016357 121.52194057  25.26740681  115.852
2016358 121.52194052  25.26740681  115.850
2016359 121.52194054  25.26740682  115.857
2016360 121.52194060  25.26740681  115.841
2016361 121.52194057  25.26740679  115.854
2016362 121.52194057  25.26740679  115.857
2016363 121.52194051  25.26740677  115.861
2016364 121.52194050  25.26740677  115.854
2016365 121.52194050  25.26740676  115.856
2016366 121.52194053  25.26740674  115.851
2017001 121.52194052  25.26740679  115.857
2017002 121.52194051  25.26740678  115.860
2017003 121.52194052  25.26740677  115.852
2017004 121.52194055  25.26740679  115.856
2017005 121.52194054  25.26740680  115.844
2017006 121.52194054  25.26740679  115.850
2017007 121.52194054  25.26740678  115.849
2017008 121.52194052  25.26740679  115.856
2017009 121.52194056  25.26740680  115.857
2017010 121.52194058  25.26740681  115.848
2017011 121.52194058  25.26740678  115.857
2017012 121.52194059  25.26740680  115.860
2017013 121.52194058  25.26740683  115.859
2017014 121.52194058  25.26740678  115.853
2017015 121.52194054  25.26740683  115.862
2017016 121.52194055  25.26740681  115.858
2017017 121.52194057  25.26740681  115.853
2017018 121.52194057  25.26740680  115.859
2017019 121.52194056  25.26740680  115.853
2017020 121.52194059  25.26740680  115.848
2017021 121.52194059  25.26740677  115.853
2017022 121.52194056  25.26740679  115.854
2017023 121.52194058  25.26740678  115.853
2017024 121.52194060  25.26740678  115.859
2017025 121.52194055  25.26740676  115.853
2017026 121.52194053  25.26740674  115.850
2017027 121.52194057  25.26740675  115.846
2017028 121.52194054  25.26740677  115.858
2017029 121.52194055  25.26740678  115.853
2017030 121.52194055  25.26740678  115.849
2017031 121.52194063  25.26740679  115.860
2017032 121.52194058  25.26740678  115.852
2017033 121.52194056  25.26740676  115.858
2017034 121.52194054  25.26740674  115.857
2017035 121.52194057  25.26740676  115.856
2017036 121.52194059  25.26740677  115.851
2017037 121.52194057  25.26740676  115.859
2017038 121.52194054  25.26740677  115.856
2017039 121.52194061  25.26740679  115.849
2017040 121.52194060  25.26740679  115.855
2017041 121.52194061  25.26740679  115.861
2017042 121.52194058  25.26740680  115.856
2017043 121.52194056  25.26740674  115.853
2017044 121.52194056  25.26740677  115.851
2017045 121.52194055  25.26740677  115.848
2017046 121.52194057  25.26740676  115.854
2017047 121.52194057  25.26740675  115.850
2017048 121.52194056  25.26740676  115.851
2017049 121.52194057  25.26740675  115.855
2017050 121.52194064  25.26740681  115.856
2017051 121.52194058  25.26740676  115.848
2017052 121.52194064  25.26740677  115.846
2017053 121.52194065  25.26740679  115.851
2017054 121.52194059  25.26740683  115.853
2017055 121.52194063  25.26740682  115.862
2017056 121.52194063  25.26740683  115.844
2017057 121.52194063  25.26740679  115.853
2017058 121.52194064  25.26740679  115.850
2017059 121.52194061  25.26740678  115.852
2017060 121.52194059  25.26740676  115.857
2017061 121.52194058  25.26740676  115.858
2017062 121.52194061  25.26740679  115.851
2017063 121.52194060  25.26740674  115.849
2017064 121.52194060  25.26740677  115.847
2017065 121.52194057  25.26740677  115.854
2017066 121.52194058  25.26740676  115.850
2017067 121.52194066  25.26740679  115.856
2017068 121.52194064  25.26740681  115.863
2017069 121.52194064  25.26740677  115.854
2017070 121.52194066  25.26740681  115.852
2017071 121.52194069  25.26740680  115.848
2017072 121.52194069  25.26740680  115.847
2017073 121.52194059  25.26740676  115.864
2017074 121.52194059  25.26740676  115.861
2017075 121.52194059  25.26740677  115.853
2017076 121.52194060  25.26740674  115.856
2017077 121.52194059  25.26740676  115.854
2017078 121.52194064  25.26740679  115.849
2017079 121.52194068  25.26740678  115.853
2017080 121.52194059  25.26740674  115.857
2017081 121.52194063  25.26740676  115.852
2017082 121.52194060  25.26740676  115.852
2017083 121.52194063  25.26740674  115.851
2017084 121.52194061  25.26740677  115.852
2017085 121.52194063  25.26740674  115.855
2017086 121.52194062  25.26740677  115.860
2017087 121.52194069  25.26740675  115.862
2017088 121.52194069  25.26740678  115.859
2017089 121.52194070  25.26740677  115.858
2017090 121.52194065  25.26740681  115.851
2017091 121.52194070  25.26740676  115.852
2017092 121.52194067  25.26740676  115.852
2017093 121.52194068  25.26740674  115.859
2017094 121.52194064  25.26740675  115.856
2017095 121.52194071  25.26740674  115.854
2017096 121.52194063  25.26740675  115.863
2017097 121.52194062  25.26740675  115.855
2017098 121.52194064  25.26740677  115.854
2017099 121.52194063  25.26740676  115.841
2017100 121.52194064  25.26740675  115.847
2017101 121.52194071  25.26740681  115.864
2017102 121.52194065  25.26740678  115.854
2017103 121.52194068  25.26740677  115.858
2017104 121.52194066  25.26740680  115.848
2017105 121.52194071  25.26740677  115.851
2017106 121.52194068  25.26740678  115.839
2017107 121.52194074  25.26740682  115.851
2017108 121.52194071  25.26740680  115.841
2017109 121.52194072  25.26740677  115.832
2017110 121.52194062  25.26740674  115.848
2017111 121.52194069  25.26740680  115.852
2017112 121.52194065  25.26740679  115.856
2017113 121.52194069  25.26740679  115.853
2017114 121.52194072  25.26740677  115.851
2017115 121.52194067  25.26740679  115.857
2017116 121.52194070  25.26740679  115.853
2017117 121.52194070  25.26740674  115.860
2017118 121.52194070  25.26740680  115.866
2017119 121.52194071  25.26740681  115.855
2017120 121.52194070  25.26740677  115.849
2017121 121.52194070  25.26740681  115.863
2017122 121.52194069  25.26740676  115.856
2017123 121.52194062  25.26740673  115.850
2017124 121.52194063  25.26740675  115.854
2017125 121.52194063  25.26740674  115.852
2017126 121.52194061  25.26740676  115.855
2017127 121.52194065  25.26740678  115.850
2017128 121.52194053  25.26740678  115.854
2017129 121.52194063  25.26740675  115.852
2017130 121.52194066  25.26740680  115.846
2017131 121.52194071  25.26740680  115.843
2017132 121.52194071  25.26740679  115.851
2017133 121.52194069  25.26740682  115.863
2017134 121.52194070  25.26740679  115.845
2017135 121.52194072  25.26740679  115.851
2017136 121.52194067  25.26740681  115.856
2017137 121.52194066  25.26740679  115.850
2017138 121.52194069  25.26740679  115.845
2017139 121.52194068  25.26740680  115.849
2017140 121.52194075  25.26740677  115.852
2017141 121.52194068  25.26740679  115.861
2017142 121.52194071  25.26740680  115.850
2017143 121.52194069  25.26740678  115.845
2017144 121.52194070  25.26740678  115.857
2017145 121.52194072  25.26740676  115.855
2017146 121.52194063  25.26740681  115.863
2017147 121.52194069  25.26740677  115.852
2017148 121.52194068  25.26740675  115.857
2017149 121.52194071  25.26740679  115.854
2017150 121.52194071  25.26740680  115.847
2017151 121.52194074  25.26740679  115.851
2017152 121.52194074  25.26740675  115.855
2017153 121.52194065  25.26740685  115.848
2017154 121.52194071  25.26740683  115.839
2017155 121.52194074  25.26740684  115.855
2017156 121.52194071  25.26740677  115.858
2017157 121.52194076  25.26740681  115.838
2017158 121.52194070  25.26740675  115.843
2017159 121.52194071  25.26740675  115.847
2017160 121.52194069  25.26740678  115.851
2017161 121.52194072  25.26740674  115.838
2017162 121.52194074  25.26740679  115.851
2017163 121.52194076  25.26740672  115.843
2017164 121.52194084  25.26740673  115.840
2017165 121.52194072  25.26740678  115.851
2017166 121.52194070  25.26740681  115.856
2017167 121.52194074  25.26740679  115.849
2017168 121.52194074  25.26740679  115.854
2017169 121.52194072  25.26740676  115.847
2017170 121.52194075  25.26740679  115.851
2017171 121.52194062  25.26740674  115.839
2017172 121.52194068  25.26740675  115.851
2017173 121.52194073  25.26740675  115.849
2017174 121.52194068  25.26740674  115.841
2017175 121.52194070  25.26740675  115.848
2017176 121.52194064  25.26740672  115.844
2017177 121.52194068  25.26740672  115.847
2017178 121.52194069  25.26740673  115.843
2017179 121.52194064  25.26740677  115.863
2017180 121.52194076  25.26740678  115.846
2017181 121.52194073  25.26740681  115.853
2017182 121.52194076  25.26740678  115.855
2017183 121.52194072  25.26740677  115.839
2017184 121.52194079  25.26740681  115.836
2017185 121.52194076  25.26740673  115.849
2017186 121.52194074  25.26740675  115.856
2017187 121.52194066  25.26740673  115.833
2017188 121.52194070  25.26740674  115.851
2017189 121.52194068  25.26740675  115.848
2017190 121.52194068  25.26740675  115.851
2017191 121.52194078  25.26740678  115.844
2017192 121.52194075  25.26740679  115.866
2017193 121.52194071  25.26740677  115.860
2017194 121.52194073  25.26740674  115.847
2017195 121.52194073  25.26740675  115.838
2017196 121.52194073  25.26740678  115.850
2017197 121.52194081  25.26740671  115.849
2017198 121.52194075  25.26740672  115.855
2017199 121.52194074  25.26740672  115.850
2017200 121.52194071  25.26740672  115.853
2017201 121.52194071  25.26740669  115.849
2017202 121.52194068  25.26740671  115.844
2017203 121.52194074  25.26740669  115.833
2017204 121.52194071  25.26740673  115.846
2017205 121.52194068  25.26740671  115.847
2017206 121.52194068  25.26740670  115.844
2017207 121.52194067  25.26740672  115.860
2017208 121.52194066  25.26740670  115.839
2017209 121.52194077  25.26740669  115.823
2017210 121.52194072  25.26740667  115.835
2017211 121.52194086  25.26740664  115.825
2017212 121.52194076  25.26740676  115.848
2017213 121.52194075  25.26740674  115.843
2017214 121.52194074  25.26740678  115.853
2017215 121.52194071  25.26740672  115.827
2017216 121.52194065  25.26740672  115.841
2017217 121.52194069  25.26740671  115.837
2017218 121.52194069  25.26740670  115.853
2017219 121.52194069  25.26740672  115.846
2017220 121.52194069  25.26740669  115.841
2017221 121.52194069  25.26740668  115.836
2017222 121.52194067  25.26740671  115.840
2017223 121.52194074  25.26740671  115.836
2017224 121.52194071  25.26740673  115.843
2017225 121.52194074  25.26740675  115.833
2017226 121.52194076  25.26740676  115.844
2017227 121.52194071  25.26740671  115.838
2017228 121.52194071  25.26740673  115.842
2017229 121.52194070  25.26740671  115.846
2017230 121.52194073  25.26740669  115.840
2017231 121.52194064  25.26740671  115.840
2017232 121.52194077  25.26740675  115.837
2017233 121.52194078  25.26740671  115.824
2017234 121.52194080  25.26740663  115.829
2017235 121.52194066  25.26740671  115.839
2017236 121.52194069  25.26740672  115.848
2017237 121.52194068  25.26740674  115.858
2017238 121.52194076  25.26740671  115.823
2017239 121.52194074  25.26740671  115.840
2017240 121.52194071  25.26740669  115.839
2017241 121.52194071  25.26740668  115.848
2017242 121.52194075  25.26740673  115.833
2017243 121.52194075  25.26740678  115.835
2017244 121.52194076  25.26740673  115.836
2017245 121.52194079  25.26740676  115.840
2017246 121.52194078  25.26740676  115.844
2017247 121.52194079  25.26740671  115.831
2017248 121.52194071  25.26740676  115.845
2017249 121.52194076  25.26740676  115.838
2017250 121.52194079  25.26740675  115.831
2017251 121.52194076  25.26740676  115.857
2017252 121.52194076  25.26740678  115.843
2017253 121.52194072  25.26740678  115.843
2017254 121.52194075  25.26740677  115.833
2017255 121.52194076  25.26740680  115.848
2017256 121.52194073  25.26740674  115.841
2017257 121.52194074  25.26740673  115.841
2017258 121.52194078  25.26740673  115.838
2017259 121.52194072  25.26740673  115.833
2017260 121.52194068  25.26740674  115.838
2017261 121.52194076  25.26740676  115.839
2017262 121.52194073  25.26740678  115.833
2017263 121.52194066  25.26740683  115.839
2017264 121.52194074  25.26740678  115.836
2017265 121.52194072  25.26740677  115.830
2017266 121.52194070  25.26740679  115.845
2017267 121.52194071  25.26740679  115.847
2017268 121.52194080  25.26740676  115.836
2017269 121.52194075  25.26740679  115.837
2017270 121.52194078  25.26740677  115.837
2017271 121.52194074  25.26740673  115.834
2017272 121.52194074  25.26740677  115.841
2017273 121.52194069  25.26740675  115.854
2017274 121.52194076  25.26740681  115.829
2017275 121.52194076  25.26740679  115.835
2017276 121.52194073  25.26740681  115.836
2017277 121.52194068  25.26740677  115.838
2017278 121.52194073  25.26740674  115.833
2017279 121.52194075  25.26740676  115.840
2017280 121.52194070  25.26740672  115.839
2017281 121.52194076  25.26740676  115.819
2017282 121.52194070  25.26740673  115.814
2017283 121.52194072  25.26740670  115.828
2017284 121.52194067  25.26740677  115.838
2017285 121.52194069  25.26740671  115.840
2017286 121.52194071  25.26740671  115.841
2017287 121.52194082  25.26740667  115.833
2017288 121.52194081  25.26740672  115.853
2017289 121.52194083  25.26740676  115.858
2017290 121.52194074  25.26740669  115.831
2017291 121.52194081  25.26740668  115.845
2017292 121.52194081  25.26740672  115.842
2017293 121.52194082  25.26740671  115.846
2017294 121.52194080  25.26740673  115.850
2017295 121.52194083  25.26740671  115.843
2017296 121.52194079  25.26740675  115.851
2017297 121.52194081  25.26740676  115.856
2017298 121.52194085  25.26740671  115.854
2017299 121.52194081  25.26740671  115.852
2017300 121.52194082  25.26740672  115.842
2017301 121.52194080  25.26740669  115.848
2017302 121.52194079  25.26740669  115.845
2017303 121.52194079  25.26740668  115.851
2017304 121.52194081  25.26740669  115.857
