2016306 121.54863569  25.22424958  566.462
2016307 121.54863568  25.22424957  566.470
2016308 121.54863567  25.22424957  566.485
2016309 121.54863571  25.22424957  566.467
2016310 121.54863573  25.22424954  566.471
2016311 121.54863562  25.22424960  566.452
2016312 121.54863568  25.22424956  566.462
2016313 121.54863566  25.22424958  566.477
2016314 121.54863566  25.22424959  566.474
2016315 121.54863568  25.22424960  566.477
2016316 121.54863566  25.22424958  566.463
2016317 121.54863570  25.22424956  566.471
2016318 121.54863569  25.22424958  566.470
2016319 121.54863573  25.22424955  566.466
2016320 121.54863571  25.22424952  566.469
2016321 121.54863572  25.22424954  566.461
2016322 121.54863574  25.22424956  566.475
2016323 121.54863572  25.22424958  566.473
2016324 121.54863571  25.22424959  566.462
2016325 121.54863573  25.22424958  566.467
2016326 121.54863570  25.22424960  566.462
2016327 121.54863569  25.22424959  566.484
2016328 121.54863568  25.22424956  566.475
2016329 121.54863563  25.22424958  566.470
2016330 121.54863552  25.22424965  566.465
2016331 121.54863573  25.22424958  566.474
2016332 121.54863565  25.22424958  566.481
2016333 121.54863570  25.22424957  566.476
2016334 121.54863565  25.22424961  566.473
2016335 121.54863568  25.22424957  566.484
2016336 121.54863569  25.22424958  566.473
2016337 121.54863573  25.22424955  566.464
2016338 121.54863569  25.22424958  566.464
2016339 121.54863572  25.22424958  566.458
2016340 121.54863571  25.22424959  566.468
2016341 121.54863571  25.22424959  566.464
2016342 121.54863567  25.22424956  566.470
2016343 121.54863568  25.22424955  566.473
2016344 121.54863560  25.22424957  566.467
2016345 121.54863564  25.22424959  566.472
2016346 121.54863571  25.22424960  566.478
2016347 121.54863576  25.22424957  566.474
2016348 121.54863573  25.22424958  566.467
2016349 121.54863570  25.22424960  566.471
2016350 121.54863564  25.22424955  566.474
2016351 121.54863566  25.22424953  566.470
2016352 121.54863565  25.22424957  566.475
2016353 121.54863571  25.22424953  566.456
2016354 121.54863571  25.22424951  566.436
2016355 121.54863567  25.22424964  566.446
2016356 121.54863570  25.22424954  566.468
2016357 121.54863574  25.22424956  566.466
2016358 121.54863565  25.22424960  566.465
2016359 121.54863571  25.22424960  566.468
2016360 121.54863574  25.22424960  566.449
2016361 121.54863574  25.22424954  566.466
2016362 121.54863574  25.22424956  566.475
2016363 121.54863567  25.22424953  566.480
2016364 121.54863567  25.22424953  566.471
2016365 121.54863565  25.22424953  566.466
2016366 121.54863563  25.22424954  566.466
2017001 121.54863570  25.22424954  566.465
2017002 121.54863569  25.22424954  566.471
2017003 121.54863569  25.22424951  566.469
2017004 121.54863576  25.22424953  566.460
2017005 121.54863573  25.22424956  566.456
2017006 121.54863573  25.22424954  566.466
2017007 121.54863571  25.22424956  566.461
2017008 121.54863570  25.22424955  566.471
2017009 121.54863573  25.22424956  566.468
2017010 121.54863573  25.22424956  566.458
2017011 121.54863572  25.22424955  566.473
2017012 121.54863577  25.22424956  566.477
2017013 121.54863574  25.22424960  566.480
2017014 121.54863573  25.22424955  566.476
2017015 121.54863570  25.22424960  566.486
2017016 121.54863568  25.22424958  566.472
2017017 121.54863575  25.22424958  566.463
2017018 121.54863575  25.22424956  566.471
2017019 121.54863574  25.22424956  566.472
2017020 121.54863574  25.22424956  566.467
2017021 121.54863575  25.22424953  566.469
2017022 121.54863571  25.22424954  566.468
2017023 121.54863571  25.22424954  566.469
2017024 121.54863576  25.22424955  566.481
2017025 121.54863570  25.22424952  566.473
2017026 121.54863569  25.22424951  566.459
2017027 121.54863572  25.22424949  566.469
2017028 121.54863572  25.22424953  566.473
2017029 121.54863572  25.22424953  566.466
2017030 121.54863572  25.22424953  566.470
2017031 121.54863581  25.22424955  566.468
2017032 121.54863574  25.22424955  566.473
2017033 121.54863571  25.22424952  566.473
2017034 121.54863575  25.22424952  566.464
2017035 121.54863575  25.22424952  566.472
2017036 121.54863576  25.22424954  566.471
2017037 121.54863576  25.22424949  566.467
2017038 121.54863575  25.22424951  566.457
2017039 121.54863577  25.22424955  566.469
2017040 121.54863576  25.22424955  566.474
2017041 121.54863577  25.22424956  566.478
2017042 121.54863574  25.22424955  566.473
2017043 121.54863572  25.22424950  566.470
2017044 121.54863571  25.22424953  566.467
2017045 121.54863572  25.22424955  566.462
2017046 121.54863577  25.22424953  566.465
2017047 121.54863574  25.22424952  566.465
2017048 121.54863575  25.22424952  566.459
2017049 121.54863571  25.22424952  566.466
2017050 121.54863583  25.22424955  566.472
2017051 121.54863575  25.22424952  566.465
2017052 121.54863583  25.22424953  566.461
2017053 121.54863583  25.22424957  566.462
2017054 121.54863576  25.22424959  566.472
2017055 121.54863579  25.22424959  566.478
2017056 121.54863580  25.22424960  566.459
2017057 121.54863578  25.22424957  566.470
2017058 121.54863580  25.22424956  566.470
2017059 121.54863579  25.22424954  566.463
2017060 121.54863576  25.22424953  566.472
2017061 121.54863576  25.22424952  566.466
2017062 121.54863579  25.22424955  566.465
2017063 121.54863577  25.22424951  566.463
2017064 121.54863576  25.22424954  566.461
2017065 121.54863574  25.22424954  566.470
2017066 121.54863575  25.22424952  566.464
2017067 121.54863582  25.22424956  566.469
2017068 121.54863579  25.22424959  566.478
2017069 121.54863581  25.22424955  566.470
2017070 121.54863584  25.22424956  566.460
2017071 121.54863589  25.22424956  566.461
2017072 121.54863588  25.22424956  566.462
2017073 121.54863576  25.22424952  566.476
2017074 121.54863576  25.22424953  566.475
2017075 121.54863577  25.22424953  566.466
2017076 121.54863579  25.22424950  566.462
2017077 121.54863577  25.22424952  566.463
2017078 121.54863584  25.22424956  566.456
2017079 121.54863586  25.22424953  566.466
2017080 121.54863577  25.22424951  566.467
2017081 121.54863580  25.22424952  566.459
2017082 121.54863579  25.22424952  566.463
2017083 121.54863582  25.22424950  566.461
2017084 121.54863579  25.22424954  566.467
2017085 121.54863579  25.22424949  566.461
2017086 121.54863580  25.22424952  566.449
2017087 121.54863584  25.22424952  566.475
2017088 121.54863586  25.22424954  566.468
2017089 121.54863586  25.22424953  566.468
2017090 121.54863583  25.22424957  566.462
2017091 121.54863586  25.22424953  566.464
2017092 121.54863581  25.22424953  566.460
2017093 121.54863585  25.22424950  566.458
2017094 121.54863581  25.22424952  566.465
2017095 121.54863588  25.22424951  566.466
2017096 121.54863581  25.22424952  566.467
2017097 121.54863581  25.22424951  566.462
2017098 121.54863581  25.22424954  566.463
2017099 121.54863580  25.22424951  566.451
2017100 121.54863584  25.22424952  566.448
2017101 121.54863588  25.22424958  566.474
2017102 121.54863583  25.22424955  566.475
2017103 121.54863586  25.22424954  566.465
2017104 121.54863585  25.22424956  566.460
2017105 121.54863588  25.22424953  566.459
2017106 121.54863586  25.22424955  566.445
2017107 121.54863594  25.22424958  566.461
2017108 121.54863589  25.22424956  566.452
2017109 121.54863591  25.22424952  566.445
2017110 121.54863580  25.22424951  566.459
2017111 121.54863588  25.22424955  566.470
2017112 121.54863583  25.22424955  566.466
2017113 121.54863589  25.22424957  566.468
2017114 121.54863591  25.22424953  566.458
2017115 121.54863586  25.22424955  566.464
2017116 121.54863590  25.22424955  566.462
2017117 121.54863587  25.22424952  566.468
2017118 121.54863587  25.22424955  566.470
2017119 121.54863590  25.22424956  566.464
2017120 121.54863588  25.22424954  566.463
2017121 121.54863588  25.22424959  566.464
2017122 121.54863588  25.22424952  566.461
2017123 121.54863581  25.22424950  566.459
2017124 121.54863583  25.22424951  566.461
2017125 121.54863582  25.22424951  566.460
2017126 121.54863579  25.22424952  566.463
2017127 121.54863585  25.22424951  566.453
2017128 121.54863574  25.22424954  566.469
2017129 121.54863583  25.22424950  566.450
2017130 121.54863587  25.22424956  566.458
2017131 121.54863589  25.22424955  566.460
2017132 121.54863588  25.22424956  566.470
2017133 121.54863588  25.22424957  566.469
2017134 121.54863589  25.22424954  566.457
2017135 121.54863591  25.22424955  566.463
2017136 121.54863586  25.22424956  566.463
2017137 121.54863583  25.22424958  566.464
2017138 121.54863585  25.22424956  566.451
2017139 121.54863589  25.22424955  566.455
2017140 121.54863594  25.22424953  566.450
2017141 121.54863587  25.22424954  566.469
2017142 121.54863590  25.22424956  566.456
2017143 121.54863586  25.22424953  566.453
2017144 121.54863589  25.22424954  566.468
2017145 121.54863591  25.22424953  566.459
2017146 121.54863585  25.22424956  566.469
2017147 121.54863586  25.22424954  566.456
2017148 121.54863584  25.22424952  566.466
2017149 121.54863591  25.22424956  566.461
2017150 121.54863589  25.22424957  566.463
2017151 121.54863593  25.22424955  566.449
2017152 121.54863595  25.22424951  566.449
2017153 121.54863585  25.22424960  566.448
2017154 121.54863591  25.22424960  566.448
2017155 121.54863592  25.22424959  566.465
2017156 121.54863588  25.22424953  566.465
2017157 121.54863590  25.22424957  566.448
2017158 121.54863588  25.22424951  566.450
2017159 121.54863587  25.22424953  566.458
2017160 121.54863587  25.22424953  566.462
2017161 121.54863588  25.22424951  566.460
2017162 121.54863591  25.22424957  566.471
2017163 121.54863591  25.22424949  566.451
2017164 121.54863601  25.22424949  566.455
2017165 121.54863590  25.22424955  566.461
2017166 121.54863588  25.22424957  566.462
2017167 121.54863593  25.22424954  566.450
2017168 121.54863593  25.22424955  566.458
2017169 121.54863591  25.22424951  566.452
2017170 121.54863592  25.22424956  566.463
2017171 121.54863579  25.22424949  566.447
2017172 121.54863584  25.22424951  566.452
2017173 121.54863589  25.22424953  566.455
2017174 121.54863582  25.22424953  566.465
2017175 121.54863587  25.22424954  566.461
2017176 121.54863578  25.22424948  566.449
2017177 121.54863584  25.22424948  566.459
2017178 121.54863586  25.22424951  566.459
2017179 121.54863580  25.22424953  566.477
2017180 121.54863593  25.22424956  566.461
2017181 121.54863591  25.22424956  566.466
2017182 121.54863595  25.22424954  566.458
2017183 121.54863588  25.22424955  566.465
2017184 121.54863596  25.22424958  566.444
2017185 121.54863594  25.22424950  566.462
2017186 121.54863592  25.22424951  566.458
2017187 121.54863582  25.22424950  566.444
2017188 121.54863590  25.22424951  566.466
2017189 121.54863585  25.22424953  566.470
2017190 121.54863585  25.22424951  566.468
2017191 121.54863597  25.22424953  566.457
2017192 121.54863591  25.22424956  566.493
2017193 121.54863589  25.22424952  566.472
2017194 121.54863590  25.22424951  566.461
2017195 121.54863593  25.22424951  566.445
2017196 121.54863595  25.22424955  566.455
2017197 121.54863596  25.22424951  566.460
2017198 121.54863594  25.22424950  566.470
2017199 121.54863592  25.22424950  566.471
2017200 121.54863590  25.22424951  566.461
2017201 121.54863588  25.22424947  566.464
2017202 121.54863585  25.22424953  566.470
2017203 121.54863589  25.22424954  566.445
2017204 121.54863589  25.22424951  566.465
2017205 121.54863588  25.22424950  566.455
2017206 121.54863587  25.22424949  566.457
2017207 121.54863586  25.22424948  566.475
2017208 121.54863584  25.22424950  566.452
2017209 121.54863586  25.22424948  566.451
2017210 121.54863582  25.22424952  566.464
2017212 121.54863597  25.22424953  566.454
2017213 121.54863596  25.22424951  566.453
2017214 121.54863596  25.22424954  566.460
2017215 121.54863589  25.22424952  566.451
2017216 121.54863587  25.22424951  566.457
2017217 121.54863591  25.22424952  566.460
2017218 121.54863589  25.22424948  566.464
2017219 121.54863589  25.22424951  566.460
2017220 121.54863589  25.22424947  566.456
2017221 121.54863591  25.22424945  566.458
2017222 121.54863586  25.22424949  566.450
2017223 121.54863596  25.22424950  566.452
2017224 121.54863592  25.22424952  566.461
2017225 121.54863595  25.22424955  566.450
2017226 121.54863600  25.22424956  566.464
2017227 121.54863592  25.22424951  566.458
2017228 121.54863592  25.22424952  566.459
2017229 121.54863590  25.22424949  566.461
2017230 121.54863594  25.22424947  566.462
2017231 121.54863585  25.22424949  566.457
2017232 121.54863597  25.22424952  566.443
2017233 121.54863586  25.22424954  566.472
2017234 121.54863582  25.22424959  566.483
2017235 121.54863587  25.22424948  566.453
2017236 121.54863591  25.22424949  566.469
2017237 121.54863588  25.22424951  566.465
2017238 121.54863582  25.22424957  566.454
2017239 121.54863593  25.22424949  566.462
2017240 121.54863586  25.22424944  566.445
2017241 121.54863582  25.22424946  566.472
2017242 121.54863587  25.22424948  566.488
2017243 121.54863589  25.22424954  566.469
2017244 121.54863590  25.22424950  566.469
2017245 121.54863599  25.22424950  566.454
2017246 121.54863601  25.22424952  566.460
2017247 121.54863599  25.22424948  566.455
2017248 121.54863598  25.22424947  566.442
2017249 121.54863597  25.22424955  566.451
2017250 121.54863601  25.22424951  566.453
2017251 121.54863595  25.22424952  566.484
2017252 121.54863598  25.22424953  566.461
2017253 121.54863594  25.22424954  566.464
2017254 121.54863598  25.22424951  566.459
2017255 121.54863595  25.22424956  566.490
2017256 121.54863596  25.22424949  566.460
2017257 121.54863595  25.22424950  566.470
2017258 121.54863601  25.22424947  566.455
2017259 121.54863595  25.22424948  566.454
2017260 121.54863591  25.22424950  566.456
2017261 121.54863599  25.22424950  566.453
2017262 121.54863595  25.22424951  566.453
2017263 121.54863591  25.22424955  566.472
2017264 121.54863596  25.22424951  566.462
2017265 121.54863594  25.22424950  566.438
2017266 121.54863595  25.22424950  566.464
2017267 121.54863595  25.22424953  566.476
2017268 121.54863603  25.22424949  566.458
2017269 121.54863598  25.22424951  566.457
2017270 121.54863602  25.22424948  566.456
2017271 121.54863595  25.22424948  566.468
2017273 121.54863593  25.22424951  566.448
2017274 121.54863599  25.22424954  566.458
2017275 121.54863598  25.22424950  566.455
2017276 121.54863596  25.22424949  566.466
2017277 121.54863591  25.22424944  566.462
2017278 121.54863589  25.22424945  566.471
2017279 121.54863590  25.22424946  566.480
2017280 121.54863581  25.22424946  566.470
2017281 121.54863584  25.22424950  566.476
2017282 121.54863579  25.22424959  566.472
2017283 121.54863582  25.22424957  566.506
2017284 121.54863588  25.22424947  566.486
2017285 121.54863588  25.22424947  566.478
2017286 121.54863590  25.22424948  566.474
2017287 121.54863584  25.22424954  566.463
2017288 121.54863601  25.22424949  566.467
2017289 121.54863599  25.22424949  566.481
2017290 121.54863593  25.22424948  566.463
2017291 121.54863596  25.22424945  566.467
2017292 121.54863597  25.22424948  566.466
2017293 121.54863599  25.22424946  566.463
2017294 121.54863597  25.22424949  566.466
2017295 121.54863599  25.22424947  566.461
2017296 121.54863593  25.22424950  566.478
2017297 121.54863597  25.22424951  566.485
2017298 121.54863599  25.22424947  566.468
2017299 121.54863596  25.22424946  566.477
2017300 121.54863596  25.22424950  566.467
2017301 121.54863595  25.22424944  566.463
2017302 121.54863593  25.22424945  566.469
2017303 121.54863594  25.22424945  566.473
2017304 121.54863595  25.22424944  566.477
