2016306 121.63710204  25.22275629   38.173
2016307 121.63710203  25.22275628   38.180
2016308 121.63710203  25.22275628   38.198
2016309 121.63710206  25.22275627   38.183
2016310 121.63710204  25.22275627   38.192
2016311 121.63710202  25.22275627   38.186
2016312 121.63710199  25.22275627   38.186
2016313 121.63710203  25.22275627   38.189
2016314 121.63710202  25.22275629   38.191
2016315 121.63710202  25.22275630   38.184
2016316 121.63710199  25.22275629   38.187
2016317 121.63710204  25.22275628   38.184
2016318 121.63710204  25.22275629   38.179
2016319 121.63710208  25.22275626   38.175
2016320 121.63710208  25.22275625   38.186
2016321 121.63710206  25.22275627   38.190
2016322 121.63710209  25.22275628   38.187
2016323 121.63710207  25.22275629   38.188
2016324 121.63710205  25.22275630   38.179
2016325 121.63710209  25.22275628   38.185
2016326 121.63710205  25.22275631   38.184
2016327 121.63710207  25.22275630   38.196
2016328 121.63710204  25.22275628   38.189
2016329 121.63710203  25.22275630   38.187
2016330 121.63710202  25.22275628   38.177
2016331 121.63710208  25.22275629   38.184
2016332 121.63710204  25.22275631   38.188
2016333 121.63710208  25.22275631   38.188
2016334 121.63710208  25.22275630   38.187
2016335 121.63710211  25.22275631   38.206
2016336 121.63710207  25.22275630   38.184
2016337 121.63710208  25.22275629   38.173
2016338 121.63710208  25.22275630   38.185
2016339 121.63710208  25.22275631   38.176
2016340 121.63710206  25.22275632   38.175
2016341 121.63710207  25.22275633   38.177
2016342 121.63710203  25.22275630   38.186
2016343 121.63710206  25.22275628   38.185
2016344 121.63710204  25.22275628   38.181
2016345 121.63710205  25.22275630   38.184
2016346 121.63710207  25.22275629   38.175
2016347 121.63710210  25.22275628   38.179
2016348 121.63710207  25.22275629   38.172
2016349 121.63710204  25.22275631   38.178
2016350 121.63710200  25.22275628   38.182
2016351 121.63710201  25.22275627   38.181
2016352 121.63710200  25.22275626   38.178
2016353 121.63710200  25.22275627   38.172
2016354 121.63710202  25.22275626   38.169
2016355 121.63710209  25.22275630   38.165
2016356 121.63710203  25.22275626   38.183
2016357 121.63710209  25.22275630   38.187
2016358 121.63710207  25.22275631   38.186
2016359 121.63710204  25.22275631   38.187
2016360 121.63710208  25.22275630   38.170
2016361 121.63710208  25.22275627   38.176
2016362 121.63710208  25.22275628   38.180
2016363 121.63710200  25.22275626   38.186
2016364 121.63710199  25.22275626   38.179
2016365 121.63710201  25.22275627   38.183
2016366 121.63710202  25.22275624   38.182
2017001 121.63710200  25.22275628   38.179
2017002 121.63710204  25.22275628   38.185
2017003 121.63710205  25.22275626   38.180
2017004 121.63710203  25.22275627   38.179
2017005 121.63710205  25.22275628   38.169
2017006 121.63710205  25.22275625   38.177
2017007 121.63710209  25.22275628   38.180
2017008 121.63710204  25.22275628   38.181
2017009 121.63710206  25.22275629   38.180
2017010 121.63710208  25.22275630   38.175
2017011 121.63710208  25.22275628   38.193
2017012 121.63710209  25.22275630   38.188
2017013 121.63710208  25.22275632   38.180
2017014 121.63710207  25.22275628   38.176
2017015 121.63710205  25.22275633   38.184
2017016 121.63710204  25.22275631   38.179
2017017 121.63710206  25.22275631   38.177
2017018 121.63710207  25.22275629   38.181
2017019 121.63710206  25.22275629   38.180
2017020 121.63710208  25.22275629   38.169
2017021 121.63710208  25.22275627   38.177
2017022 121.63710205  25.22275630   38.178
2017023 121.63710206  25.22275629   38.178
2017024 121.63710210  25.22275629   38.186
2017025 121.63710203  25.22275627   38.180
2017026 121.63710203  25.22275625   38.176
2017027 121.63710199  25.22275621   38.178
2017028 121.63710204  25.22275627   38.189
2017029 121.63710205  25.22275625   38.177
2017030 121.63710204  25.22275627   38.174
2017031 121.63710211  25.22275630   38.179
2017032 121.63710206  25.22275628   38.177
2017033 121.63710204  25.22275625   38.183
2017034 121.63710204  25.22275624   38.180
2017035 121.63710204  25.22275625   38.175
2017036 121.63710209  25.22275628   38.181
2017037 121.63710206  25.22275626   38.186
2017038 121.63710205  25.22275626   38.176
2017039 121.63710209  25.22275627   38.177
2017040 121.63710209  25.22275628   38.178
2017041 121.63710210  25.22275630   38.185
2017042 121.63710207  25.22275630   38.186
2017043 121.63710205  25.22275625   38.180
2017044 121.63710204  25.22275626   38.182
2017045 121.63710205  25.22275625   38.183
2017046 121.63710208  25.22275623   38.177
2017047 121.63710207  25.22275624   38.177
2017048 121.63710207  25.22275625   38.185
2017049 121.63710207  25.22275625   38.185
2017050 121.63710214  25.22275626   38.183
2017051 121.63710210  25.22275624   38.173
2017052 121.63710216  25.22275626   38.179
2017053 121.63710215  25.22275628   38.170
2017054 121.63710210  25.22275631   38.181
2017055 121.63710212  25.22275632   38.183
2017056 121.63710211  25.22275634   38.166
2017057 121.63710213  25.22275630   38.172
2017058 121.63710213  25.22275630   38.173
2017059 121.63710208  25.22275628   38.175
2017060 121.63710206  25.22275626   38.177
2017061 121.63710207  25.22275626   38.180
2017062 121.63710209  25.22275628   38.178
2017063 121.63710209  25.22275625   38.175
2017064 121.63710207  25.22275626   38.170
2017065 121.63710206  25.22275627   38.177
2017066 121.63710207  25.22275626   38.177
2017067 121.63710214  25.22275630   38.174
2017068 121.63710214  25.22275630   38.186
2017069 121.63710215  25.22275630   38.185
2017070 121.63710213  25.22275631   38.175
2017071 121.63710218  25.22275629   38.164
2017072 121.63710216  25.22275629   38.168
2017073 121.63710208  25.22275626   38.184
2017074 121.63710210  25.22275626   38.182
2017075 121.63710208  25.22275628   38.175
2017076 121.63710208  25.22275625   38.176
2017077 121.63710208  25.22275627   38.173
2017078 121.63710215  25.22275630   38.171
2017079 121.63710220  25.22275627   38.162
2017080 121.63710208  25.22275624   38.172
2017081 121.63710211  25.22275625   38.176
2017082 121.63710209  25.22275626   38.172
2017083 121.63710209  25.22275623   38.162
2017084 121.63710211  25.22275627   38.176
2017085 121.63710211  25.22275625   38.180
2017086 121.63710210  25.22275626   38.179
2017087 121.63710218  25.22275625   38.176
2017088 121.63710218  25.22275627   38.178
2017089 121.63710223  25.22275625   38.180
2017090 121.63710216  25.22275629   38.176
2017091 121.63710218  25.22275625   38.174
2017092 121.63710216  25.22275626   38.179
2017093 121.63710217  25.22275623   38.182
2017094 121.63710214  25.22275623   38.177
2017095 121.63710221  25.22275623   38.183
2017096 121.63710214  25.22275623   38.187
2017097 121.63710214  25.22275623   38.176
2017098 121.63710213  25.22275625   38.178
2017099 121.63710209  25.22275623   38.162
2017100 121.63710208  25.22275620   38.138
2017101 121.63710223  25.22275629   38.180
2017102 121.63710216  25.22275627   38.184
2017103 121.63710219  25.22275626   38.178
2017104 121.63710218  25.22275628   38.179
2017105 121.63710222  25.22275625   38.177
2017106 121.63710221  25.22275626   38.168
2017107 121.63710227  25.22275626   38.165
2017108 121.63710224  25.22275620   38.154
2017109 121.63710223  25.22275624   38.166
2017110 121.63710216  25.22275615   38.160
2017111 121.63710225  25.22275627   38.173
2017112 121.63710218  25.22275626   38.179
2017113 121.63710221  25.22275627   38.176
2017114 121.63710223  25.22275625   38.175
2017115 121.63710219  25.22275626   38.186
2017116 121.63710223  25.22275626   38.175
2017117 121.63710223  25.22275624   38.181
2017118 121.63710219  25.22275628   38.188
2017119 121.63710221  25.22275628   38.177
2017120 121.63710224  25.22275626   38.171
2017121 121.63710221  25.22275631   38.181
2017122 121.63710222  25.22275623   38.180
2017123 121.63710214  25.22275622   38.180
2017124 121.63710217  25.22275622   38.186
2017125 121.63710215  25.22275621   38.175
2017126 121.63710214  25.22275623   38.184
2017127 121.63710216  25.22275624   38.181
2017128 121.63710207  25.22275624   38.190
2017129 121.63710218  25.22275620   38.173
2017130 121.63710220  25.22275627   38.181
2017131 121.63710224  25.22275627   38.168
2017132 121.63710226  25.22275625   38.189
2017133 121.63710224  25.22275628   38.183
2017134 121.63710223  25.22275624   38.175
2017135 121.63710226  25.22275628   38.185
2017136 121.63710221  25.22275629   38.181
2017137 121.63710221  25.22275630   38.178
2017138 121.63710221  25.22275625   38.176
2017139 121.63710221  25.22275627   38.179
2017140 121.63710228  25.22275624   38.174
2017141 121.63710221  25.22275628   38.190
2017142 121.63710223  25.22275626   38.178
2017143 121.63710220  25.22275624   38.171
2017144 121.63710224  25.22275623   38.179
2017145 121.63710226  25.22275625   38.177
2017146 121.63710222  25.22275629   38.193
2017147 121.63710221  25.22275624   38.174
2017148 121.63710221  25.22275624   38.188
2017149 121.63710224  25.22275626   38.177
2017150 121.63710223  25.22275627   38.177
2017151 121.63710228  25.22275627   38.186
2017152 121.63710216  25.22275619   38.168
2017153 121.63710221  25.22275630   38.163
2017154 121.63710226  25.22275628   38.166
2017155 121.63710228  25.22275631   38.181
2017156 121.63710223  25.22275623   38.178
2017157 121.63710226  25.22275629   38.171
2017158 121.63710221  25.22275622   38.167
2017159 121.63710224  25.22275622   38.174
2017160 121.63710221  25.22275623   38.177
2017161 121.63710222  25.22275621   38.159
2017162 121.63710226  25.22275625   38.179
2017163 121.63710230  25.22275619   38.179
2017164 121.63710233  25.22275617   38.155
2017165 121.63710226  25.22275625   38.165
2017166 121.63710224  25.22275628   38.181
2017167 121.63710223  25.22275623   38.168
2017168 121.63710227  25.22275628   38.176
2017169 121.63710225  25.22275623   38.166
2017170 121.63710228  25.22275626   38.179
2017171 121.63710217  25.22275618   38.160
2017172 121.63710218  25.22275623   38.185
2017173 121.63710225  25.22275622   38.178
2017174 121.63710215  25.22275623   38.174
2017175 121.63710217  25.22275619   38.192
2017176 121.63710222  25.22275615   38.164
2017177 121.63710226  25.22275618   38.188
2017178 121.63710225  25.22275618   38.186
2017179 121.63710218  25.22275622   38.188
2017180 121.63710230  25.22275625   38.170
2017181 121.63710228  25.22275624   38.179
2017182 121.63710231  25.22275623   38.179
2017183 121.63710227  25.22275620   38.170
2017184 121.63710234  25.22275625   38.162
2017185 121.63710233  25.22275619   38.173
2017186 121.63710226  25.22275621   38.181
2017187 121.63710219  25.22275620   38.162
2017188 121.63710226  25.22275620   38.180
2017189 121.63710223  25.22275621   38.185
2017190 121.63710223  25.22275620   38.185
2017191 121.63710230  25.22275623   38.181
2017192 121.63710227  25.22275624   38.186
2017193 121.63710228  25.22275621   38.195
2017194 121.63710227  25.22275620   38.173
2017195 121.63710230  25.22275620   38.167
2017196 121.63710230  25.22275623   38.178
2017197 121.63710236  25.22275618   38.168
2017198 121.63710232  25.22275619   38.182
2017199 121.63710228  25.22275619   38.177
2017200 121.63710226  25.22275618   38.180
2017201 121.63710225  25.22275616   38.181
2017202 121.63710226  25.22275616   38.176
2017203 121.63710225  25.22275618   38.167
2017204 121.63710227  25.22275619   38.179
2017205 121.63710225  25.22275617   38.174
2017206 121.63710225  25.22275617   38.171
2017207 121.63710224  25.22275617   38.184
2017208 121.63710225  25.22275618   38.172
2017209 121.63710231  25.22275618   38.155
2017210 121.63710231  25.22275617   38.164
2017211 121.63710232  25.22275619   38.168
2017212 121.63710232  25.22275623   38.175
2017213 121.63710233  25.22275622   38.179
2017214 121.63710233  25.22275623   38.182
2017215 121.63710226  25.22275620   38.175
2017216 121.63710224  25.22275618   38.174
2017217 121.63710223  25.22275618   38.189
2017218 121.63710227  25.22275615   38.188
2017219 121.63710228  25.22275618   38.174
2017220 121.63710226  25.22275617   38.192
2017221 121.63710227  25.22275608   38.172
2017222 121.63710229  25.22275616   38.193
2017223 121.63710232  25.22275620   38.175
2017224 121.63710227  25.22275620   38.177
2017225 121.63710228  25.22275623   38.160
2017226 121.63710236  25.22275623   38.181
2017227 121.63710231  25.22275620   38.167
2017228 121.63710231  25.22275618   38.171
2017229 121.63710226  25.22275617   38.172
2017230 121.63710229  25.22275616   38.174
2017231 121.63710223  25.22275618   38.175
2017232 121.63710233  25.22275621   38.175
2017233 121.63710233  25.22275620   38.167
2017234 121.63710228  25.22275614   38.177
2017235 121.63710224  25.22275617   38.173
2017236 121.63710228  25.22275619   38.186
2017237 121.63710225  25.22275617   38.179
2017238 121.63710231  25.22275615   38.171
2017239 121.63710230  25.22275617   38.173
2017240 121.63710228  25.22275617   38.174
2017241 121.63710226  25.22275613   38.180
2017242 121.63710231  25.22275621   38.179
2017243 121.63710230  25.22275622   38.165
2017244 121.63710231  25.22275621   38.180
2017245 121.63710233  25.22275623   38.170
2017246 121.63710236  25.22275623   38.165
2017247 121.63710233  25.22275618   38.172
2017248 121.63710230  25.22275619   38.172
2017249 121.63710234  25.22275624   38.173
2017250 121.63710235  25.22275621   38.176
2017251 121.63710232  25.22275623   38.197
2017252 121.63710234  25.22275622   38.186
2017253 121.63710228  25.22275624   38.171
2017254 121.63710233  25.22275621   38.175
2017255 121.63710234  25.22275624   38.169
2017256 121.63710232  25.22275621   38.175
2017257 121.63710222  25.22275625   38.173
2017258 121.63710231  25.22275619   38.166
2017259 121.63710232  25.22275617   38.173
2017260 121.63710228  25.22275622   38.168
2017261 121.63710234  25.22275621   38.176
2017262 121.63710231  25.22275623   38.173
2017263 121.63710229  25.22275623   38.184
2017264 121.63710234  25.22275621   38.172
2017265 121.63710229  25.22275621   38.161
2017266 121.63710231  25.22275620   38.179
2017267 121.63710233  25.22275620   38.180
2017268 121.63710238  25.22275618   38.170
2017269 121.63710232  25.22275620   38.174
2017270 121.63710238  25.22275617   38.167
2017271 121.63710235  25.22275623   38.178
2017272 121.63710234  25.22275621   38.176
2017273 121.63710232  25.22275616   38.175
2017274 121.63710235  25.22275624   38.169
2017275 121.63710234  25.22275620   38.172
2017276 121.63710234  25.22275619   38.162
2017277 121.63710228  25.22275617   38.174
2017278 121.63710230  25.22275619   38.180
2017279 121.63710233  25.22275617   38.178
2017280 121.63710230  25.22275614   38.178
2017281 121.63710233  25.22275618   38.181
2017282 121.63710234  25.22275616   38.171
2017283 121.63710234  25.22275615   38.169
2017284 121.63710230  25.22275618   38.170
2017285 121.63710229  25.22275616   38.176
2017286 121.63710234  25.22275619   38.188
2017287 121.63710235  25.22275620   38.177
2017288 121.63710235  25.22275616   38.175
2017289 121.63710234  25.22275619   38.174
2017290 121.63710231  25.22275615   38.172
2017291 121.63710232  25.22275616   38.183
2017292 121.63710233  25.22275620   38.175
2017293 121.63710234  25.22275618   38.177
2017294 121.63710232  25.22275622   38.180
2017295 121.63710235  25.22275619   38.170
2017296 121.63710235  25.22275621   38.176
2017297 121.63710232  25.22275621   38.181
2017298 121.63710237  25.22275620   38.183
2017299 121.63710234  25.22275618   38.188
2017300 121.63710232  25.22275619   38.175
2017301 121.63710232  25.22275616   38.179
2017302 121.63710232  25.22275616   38.179
2017303 121.63710230  25.22275616   38.181
2017304 121.63710234  25.22275619   38.196
