2016306 121.50939057  25.19519867  545.239
2016307 121.50939056  25.19519866  545.250
2016308 121.50939056  25.19519865  545.257
2016309 121.50939061  25.19519865  545.241
2016310 121.50939058  25.19519865  545.259
2016311 121.50939053  25.19519868  545.233
2016312 121.50939053  25.19519866  545.246
2016313 121.50939054  25.19519866  545.253
2016314 121.50939054  25.19519867  545.251
2016315 121.50939054  25.19519867  545.248
2016316 121.50939053  25.19519867  545.247
2016317 121.50939058  25.19519867  545.253
2016318 121.50939057  25.19519869  545.249
2016319 121.50939060  25.19519866  545.240
2016320 121.50939063  25.19519861  545.244
2016321 121.50939059  25.19519866  545.246
2016322 121.50939062  25.19519868  545.255
2016323 121.50939059  25.19519869  545.255
2016324 121.50939058  25.19519870  545.242
2016325 121.50939060  25.19519868  545.245
2016326 121.50939058  25.19519870  545.243
2016327 121.50939058  25.19519867  545.252
2016328 121.50939058  25.19519864  545.245
2016329 121.50939058  25.19519866  545.237
2016330 121.50939049  25.19519874  545.210
2016331 121.50939061  25.19519867  545.250
2016332 121.50939058  25.19519868  545.253
2016333 121.50939064  25.19519866  545.247
2016334 121.50939062  25.19519870  545.238
2016335 121.50939060  25.19519864  545.247
2016336 121.50939059  25.19519867  545.246
2016337 121.50939063  25.19519863  545.237
2016338 121.50939070  25.19519862  545.241
2016339 121.50939062  25.19519868  545.234
2016340 121.50939060  25.19519868  545.241
2016341 121.50939062  25.19519868  545.241
2016342 121.50939061  25.19519864  545.243
2016343 121.50939059  25.19519864  545.244
2016344 121.50939055  25.19519866  545.234
2016345 121.50939066  25.19519861  545.249
2016346 121.50939067  25.19519867  545.238
2016347 121.50939065  25.19519866  545.246
2016348 121.50939060  25.19519867  545.241
2016349 121.50939059  25.19519869  545.244
2016350 121.50939054  25.19519864  545.247
2016351 121.50939058  25.19519862  545.235
2016352 121.50939054  25.19519868  545.243
2016353 121.50939058  25.19519864  545.235
2016354 121.50939059  25.19519863  545.227
2016355 121.50939061  25.19519870  545.211
2016356 121.50939056  25.19519864  545.243
2016357 121.50939063  25.19519867  545.246
2016358 121.50939063  25.19519872  545.246
2016359 121.50939061  25.19519869  545.238
2016360 121.50939062  25.19519868  545.223
2016361 121.50939062  25.19519865  545.245
2016362 121.50939063  25.19519866  545.253
2016363 121.50939056  25.19519862  545.254
2016364 121.50939056  25.19519862  545.249
2016365 121.50939058  25.19519863  545.235
2016366 121.50939056  25.19519862  545.231
2017001 121.50939057  25.19519865  545.240
2017002 121.50939059  25.19519865  545.247
2017003 121.50939063  25.19519861  545.232
2017004 121.50939062  25.19519863  545.239
2017005 121.50939060  25.19519866  545.235
2017006 121.50939060  25.19519864  545.240
2017007 121.50939061  25.19519866  545.236
2017008 121.50939058  25.19519866  545.245
2017009 121.50939062  25.19519866  545.243
2017010 121.50939067  25.19519865  545.234
2017011 121.50939066  25.19519863  545.240
2017012 121.50939065  25.19519866  545.248
2017013 121.50939063  25.19519868  545.248
2017014 121.50939063  25.19519864  545.246
2017015 121.50939061  25.19519868  545.251
2017016 121.50939063  25.19519867  545.243
2017017 121.50939063  25.19519867  545.240
2017018 121.50939062  25.19519867  545.251
2017019 121.50939062  25.19519866  545.245
2017020 121.50939064  25.19519865  545.240
2017021 121.50939064  25.19519863  545.240
2017022 121.50939063  25.19519864  545.245
2017023 121.50939066  25.19519863  545.243
2017024 121.50939067  25.19519862  545.244
2017025 121.50939059  25.19519862  545.248
2017026 121.50939061  25.19519860  545.233
2017027 121.50939063  25.19519858  545.240
2017028 121.50939058  25.19519864  545.256
2017029 121.50939060  25.19519864  545.245
2017030 121.50939061  25.19519864  545.241
2017031 121.50939069  25.19519866  545.251
2017032 121.50939062  25.19519864  545.246
2017033 121.50939061  25.19519861  545.244
2017034 121.50939061  25.19519862  545.233
2017035 121.50939061  25.19519862  545.252
2017036 121.50939064  25.19519865  545.245
2017037 121.50939061  25.19519863  545.244
2017038 121.50939062  25.19519863  545.241
2017039 121.50939066  25.19519865  545.244
2017040 121.50939066  25.19519864  545.247
2017041 121.50939066  25.19519864  545.249
2017042 121.50939065  25.19519865  545.245
2017043 121.50939064  25.19519858  545.244
2017044 121.50939061  25.19519863  545.246
2017045 121.50939059  25.19519864  545.239
2017046 121.50939063  25.19519862  545.238
2017047 121.50939062  25.19519863  545.242
2017048 121.50939062  25.19519863  545.244
2017049 121.50939062  25.19519863  545.242
2017050 121.50939068  25.19519867  545.252
2017051 121.50939062  25.19519863  545.240
2017052 121.50939069  25.19519864  545.232
2017053 121.50939070  25.19519867  545.243
2017054 121.50939064  25.19519869  545.247
2017055 121.50939068  25.19519868  545.251
2017056 121.50939067  25.19519869  545.236
2017057 121.50939068  25.19519866  545.247
2017058 121.50939069  25.19519865  545.240
2017059 121.50939066  25.19519864  545.241
2017060 121.50939063  25.19519862  545.249
2017061 121.50939065  25.19519863  545.249
2017062 121.50939067  25.19519865  545.244
2017063 121.50939064  25.19519861  545.240
2017064 121.50939063  25.19519864  545.240
2017065 121.50939062  25.19519864  545.244
2017066 121.50939063  25.19519862  545.244
2017067 121.50939073  25.19519866  545.247
2017068 121.50939069  25.19519868  545.252
2017069 121.50939071  25.19519865  545.248
2017070 121.50939069  25.19519866  545.243
2017071 121.50939074  25.19519868  545.240
2017072 121.50939074  25.19519867  545.240
2017073 121.50939063  25.19519863  545.253
2017074 121.50939064  25.19519864  545.250
2017075 121.50939064  25.19519864  545.244
2017076 121.50939066  25.19519861  545.242
2017077 121.50939064  25.19519864  545.242
2017078 121.50939071  25.19519867  545.239
2017079 121.50939074  25.19519864  545.246
2017080 121.50939064  25.19519861  545.246
2017081 121.50939066  25.19519863  545.240
2017082 121.50939066  25.19519864  545.243
2017083 121.50939067  25.19519862  545.242
2017084 121.50939066  25.19519864  545.243
2017085 121.50939068  25.19519861  545.245
2017086 121.50939066  25.19519864  545.241
2017087 121.50939072  25.19519864  545.253
2017088 121.50939073  25.19519865  545.249
2017089 121.50939076  25.19519864  545.249
2017090 121.50939070  25.19519868  545.243
2017091 121.50939074  25.19519862  545.242
2017092 121.50939073  25.19519864  545.247
2017093 121.50939073  25.19519860  545.242
2017094 121.50939066  25.19519864  545.247
2017095 121.50939074  25.19519862  545.251
2017096 121.50939068  25.19519862  545.253
2017097 121.50939068  25.19519861  545.247
2017098 121.50939068  25.19519864  545.246
2017099 121.50939066  25.19519865  545.233
2017100 121.50939067  25.19519866  545.253
2017101 121.50939076  25.19519868  545.250
2017102 121.50939071  25.19519866  545.251
2017103 121.50939073  25.19519865  545.245
2017104 121.50939073  25.19519866  545.240
2017105 121.50939075  25.19519864  545.241
2017106 121.50939073  25.19519866  545.234
2017107 121.50939079  25.19519871  545.246
2017108 121.50939077  25.19519866  545.239
2017109 121.50939075  25.19519865  545.232
2017110 121.50939071  25.19519861  545.235
2017111 121.50939074  25.19519866  545.252
2017112 121.50939071  25.19519865  545.246
2017113 121.50939075  25.19519866  545.243
2017114 121.50939078  25.19519864  545.244
2017115 121.50939073  25.19519866  545.251
2017116 121.50939076  25.19519866  545.245
2017117 121.50939075  25.19519862  545.245
2017118 121.50939073  25.19519866  545.252
2017119 121.50939076  25.19519869  545.248
2017120 121.50939073  25.19519864  545.245
2017121 121.50939072  25.19519870  545.253
2017122 121.50939074  25.19519863  545.246
2017123 121.50939068  25.19519862  545.248
2017124 121.50939068  25.19519862  545.246
2017125 121.50939068  25.19519861  545.247
2017126 121.50939065  25.19519862  545.248
2017127 121.50939070  25.19519863  545.242
2017128 121.50939059  25.19519865  545.245
2017129 121.50939069  25.19519862  545.247
2017130 121.50939071  25.19519866  545.251
2017131 121.50939076  25.19519866  545.238
2017132 121.50939074  25.19519864  545.255
2017133 121.50939075  25.19519868  545.246
2017134 121.50939075  25.19519866  545.243
2017135 121.50939078  25.19519867  545.249
2017136 121.50939074  25.19519866  545.244
2017137 121.50939075  25.19519868  545.243
2017138 121.50939073  25.19519866  545.230
2017139 121.50939075  25.19519865  545.237
2017140 121.50939083  25.19519863  545.241
2017141 121.50939076  25.19519867  545.253
2017142 121.50939075  25.19519867  545.245
2017143 121.50939072  25.19519865  545.234
2017144 121.50939077  25.19519865  545.248
2017145 121.50939078  25.19519863  545.240
2017146 121.50939070  25.19519868  545.254
2017147 121.50939074  25.19519864  545.239
2017148 121.50939077  25.19519861  545.246
2017149 121.50939077  25.19519866  545.241
2017150 121.50939075  25.19519869  545.249
2017151 121.50939078  25.19519866  545.248
2017152 121.50939075  25.19519869  545.255
2017153 121.50939072  25.19519869  545.229
2017154 121.50939077  25.19519869  545.235
2017155 121.50939079  25.19519868  545.246
2017156 121.50939075  25.19519864  545.248
2017157 121.50939079  25.19519869  545.230
2017158 121.50939075  25.19519863  545.238
2017159 121.50939075  25.19519864  545.237
2017160 121.50939073  25.19519865  545.241
2017161 121.50939074  25.19519861  545.234
2017162 121.50939078  25.19519867  545.244
2017163 121.50939080  25.19519861  545.238
2017164 121.50939087  25.19519862  545.239
2017165 121.50939078  25.19519865  545.240
2017166 121.50939076  25.19519867  545.244
2017167 121.50939080  25.19519866  545.245
2017168 121.50939081  25.19519865  545.238
2017169 121.50939078  25.19519863  545.237
2017170 121.50939080  25.19519868  545.247
2017171 121.50939070  25.19519865  545.236
2017172 121.50939074  25.19519864  545.243
2017173 121.50939076  25.19519864  545.238
2017174 121.50939071  25.19519863  545.242
2017175 121.50939071  25.19519864  545.239
2017176 121.50939074  25.19519864  545.239
2017177 121.50939076  25.19519862  545.252
2017178 121.50939073  25.19519860  545.239
2017179 121.50939068  25.19519864  545.264
2017180 121.50939079  25.19519867  545.240
2017181 121.50939078  25.19519866  545.245
2017182 121.50939081  25.19519864  545.242
2017183 121.50939074  25.19519864  545.237
2017184 121.50939083  25.19519868  545.229
2017185 121.50939080  25.19519861  545.243
2017186 121.50939079  25.19519863  545.244
2017187 121.50939068  25.19519861  545.227
2017188 121.50939076  25.19519861  545.245
2017189 121.50939069  25.19519864  545.253
2017190 121.50939070  25.19519863  545.247
2017191 121.50939081  25.19519864  545.239
2017192 121.50939076  25.19519866  545.263
2017193 121.50939074  25.19519863  545.253
2017194 121.50939076  25.19519864  545.244
2017195 121.50939079  25.19519864  545.232
2017196 121.50939081  25.19519864  545.233
2017197 121.50939084  25.19519861  545.240
2017198 121.50939080  25.19519861  545.251
2017199 121.50939078  25.19519862  545.245
2017200 121.50939076  25.19519862  545.242
2017201 121.50939076  25.19519859  545.247
2017202 121.50939076  25.19519860  545.232
2017203 121.50939080  25.19519862  545.221
2017204 121.50939075  25.19519862  545.240
2017205 121.50939073  25.19519861  545.241
2017206 121.50939074  25.19519861  545.242
2017207 121.50939072  25.19519860  545.255
2017208 121.50939076  25.19519858  545.249
2017209 121.50939094  25.19519860  545.232
2017210 121.50939074  25.19519865  545.247
2017211 121.50939078  25.19519871  545.224
2017212 121.50939084  25.19519864  545.243
2017213 121.50939083  25.19519863  545.236
2017214 121.50939083  25.19519866  545.240
2017215 121.50939078  25.19519863  545.227
2017216 121.50939073  25.19519861  545.230
2017217 121.50939077  25.19519861  545.234
2017218 121.50939075  25.19519859  545.252
2017219 121.50939076  25.19519860  545.237
2017220 121.50939079  25.19519861  545.244
2017221 121.50939082  25.19519860  545.241
2017222 121.50939078  25.19519862  545.240
2017223 121.50939082  25.19519861  545.240
2017224 121.50939078  25.19519862  545.241
2017225 121.50939079  25.19519863  545.236
2017226 121.50939084  25.19519864  545.243
2017227 121.50939079  25.19519861  545.233
2017228 121.50939078  25.19519862  545.243
2017229 121.50939076  25.19519859  545.244
2017230 121.50939079  25.19519858  545.244
2017231 121.50939070  25.19519860  545.243
2017232 121.50939084  25.19519866  545.234
2017233 121.50939083  25.19519863  545.243
2017234 121.50939073  25.19519865  545.250
2017235 121.50939073  25.19519859  545.237
2017236 121.50939077  25.19519859  545.251
2017237 121.50939076  25.19519857  545.241
2017238 121.50939077  25.19519862  545.220
2017239 121.50939079  25.19519859  545.245
2017240 121.50939081  25.19519855  545.228
2017241 121.50939083  25.19519852  545.242
2017242 121.50939089  25.19519860  545.245
2017243 121.50939083  25.19519861  545.246
2017244 121.50939088  25.19519856  545.236
2017245 121.50939088  25.19519860  545.239
2017246 121.50939090  25.19519864  545.248
2017247 121.50939086  25.19519858  545.237
2017248 121.50939082  25.19519856  545.221
2017249 121.50939083  25.19519864  545.230
2017250 121.50939086  25.19519861  545.235
2017251 121.50939081  25.19519862  545.261
2017252 121.50939084  25.19519863  545.244
2017253 121.50939080  25.19519865  545.242
2017254 121.50939084  25.19519861  545.240
2017255 121.50939085  25.19519862  545.252
2017256 121.50939083  25.19519856  545.239
2017257 121.50939083  25.19519859  545.244
2017258 121.50939085  25.19519857  545.236
2017259 121.50939083  25.19519859  545.240
2017260 121.50939081  25.19519863  545.238
2017261 121.50939084  25.19519862  545.240
2017262 121.50939081  25.19519864  545.239
2017263 121.50939078  25.19519865  545.259
2017264 121.50939083  25.19519863  545.242
2017265 121.50939082  25.19519861  545.221
2017266 121.50939081  25.19519862  545.249
2017267 121.50939083  25.19519862  545.248
2017268 121.50939091  25.19519859  545.234
2017269 121.50939086  25.19519861  545.238
2017270 121.50939088  25.19519859  545.236
2017271 121.50939082  25.19519853  545.240
2017272 121.50939088  25.19519858  545.231
2017273 121.50939081  25.19519858  545.221
2017274 121.50939087  25.19519864  545.233
2017275 121.50939086  25.19519861  545.238
2017276 121.50939084  25.19519859  545.248
2017277 121.50939081  25.19519854  545.233
2017278 121.50939086  25.19519853  545.229
2017279 121.50939091  25.19519856  545.249
2017280 121.50939090  25.19519852  545.254
2017281 121.50939081  25.19519861  545.249
2017282 121.50939083  25.19519868  545.237
2017283 121.50939076  25.19519860  545.251
2017284 121.50939090  25.19519856  545.224
2017285 121.50939088  25.19519853  545.232
2017286 121.50939083  25.19519855  545.249
2017287 121.50939080  25.19519866  545.238
2017288 121.50939094  25.19519852  545.240
2017289 121.50939087  25.19519854  545.260
2017290 121.50939085  25.19519848  545.265
2017291 121.50939089  25.19519855  545.250
2017292 121.50939088  25.19519858  545.241
2017293 121.50939088  25.19519855  545.240
2017294 121.50939084  25.19519859  545.245
2017295 121.50939088  25.19519857  545.242
2017296 121.50939082  25.19519857  545.253
2017297 121.50939084  25.19519858  545.257
2017298 121.50939089  25.19519857  545.244
2017299 121.50939087  25.19519855  545.247
2017300 121.50939084  25.19519860  545.254
2017301 121.50939084  25.19519854  545.246
2017302 121.50939084  25.19519855  545.245
2017303 121.50939084  25.19519854  545.250
2017304 121.50939083  25.19519852  545.257
