2016306 121.68938399  25.17579018   40.664
2016307 121.68938398  25.17579016   40.671
2016308 121.68938399  25.17579018   40.683
2016309 121.68938402  25.17579016   40.672
2016310 121.68938399  25.17579016   40.677
2016311 121.68938397  25.17579017   40.671
2016312 121.68938396  25.17579015   40.670
2016313 121.68938397  25.17579016   40.678
2016314 121.68938396  25.17579018   40.676
2016315 121.68938397  25.17579018   40.674
2016316 121.68938395  25.17579017   40.675
2016317 121.68938401  25.17579016   40.676
2016318 121.68938402  25.17579017   40.673
2016319 121.68938403  25.17579015   40.668
2016320 121.68938404  25.17579014   40.676
2016321 121.68938402  25.17579015   40.680
2016322 121.68938405  25.17579016   40.678
2016323 121.68938404  25.17579017   40.676
2016324 121.68938400  25.17579019   40.670
2016325 121.68938405  25.17579018   40.675
2016326 121.68938400  25.17579020   40.672
2016327 121.68938403  25.17579019   40.689
2016328 121.68938400  25.17579016   40.682
2016329 121.68938400  25.17579018   40.675
2016330 121.68938398  25.17579017   40.666
2016331 121.68938404  25.17579017   40.677
2016332 121.68938400  25.17579018   40.680
2016333 121.68938404  25.17579017   40.678
2016334 121.68938403  25.17579018   40.676
2016335 121.68938405  25.17579016   40.683
2016336 121.68938403  25.17579018   40.674
2016337 121.68938404  25.17579016   40.664
2016338 121.68938405  25.17579017   40.678
2016339 121.68938405  25.17579018   40.664
2016340 121.68938403  25.17579019   40.670
2016341 121.68938403  25.17579020   40.673
2016342 121.68938400  25.17579017   40.678
2016343 121.68938403  25.17579015   40.670
2016344 121.68938401  25.17579016   40.673
2016345 121.68938404  25.17579019   40.678
2016346 121.68938404  25.17579018   40.665
2016347 121.68938408  25.17579015   40.664
2016348 121.68938404  25.17579016   40.669
2016349 121.68938401  25.17579019   40.668
2016350 121.68938398  25.17579014   40.675
2016351 121.68938399  25.17579014   40.675
2016352 121.68938398  25.17579013   40.669
2016353 121.68938399  25.17579013   40.667
2016354 121.68938398  25.17579013   40.665
2016355 121.68938406  25.17579017   40.658
2016356 121.68938399  25.17579014   40.674
2016357 121.68938405  25.17579018   40.673
2016358 121.68938403  25.17579019   40.681
2016359 121.68938401  25.17579017   40.680
2016360 121.68938404  25.17579017   40.661
2016361 121.68938405  25.17579016   40.668
2016362 121.68938403  25.17579015   40.672
2016363 121.68938398  25.17579012   40.678
2016364 121.68938396  25.17579013   40.673
2016365 121.68938398  25.17579013   40.674
2016366 121.68938399  25.17579010   40.673
2017001 121.68938398  25.17579015   40.673
2017002 121.68938400  25.17579014   40.673
2017003 121.68938402  25.17579014   40.671
2017004 121.68938401  25.17579014   40.671
2017005 121.68938402  25.17579016   40.662
2017006 121.68938403  25.17579014   40.669
2017007 121.68938402  25.17579016   40.678
2017008 121.68938401  25.17579015   40.674
2017009 121.68938403  25.17579016   40.670
2017010 121.68938405  25.17579016   40.663
2017011 121.68938405  25.17579015   40.685
2017012 121.68938406  25.17579016   40.677
2017013 121.68938405  25.17579018   40.674
2017014 121.68938404  25.17579014   40.669
2017015 121.68938403  25.17579019   40.680
2017016 121.68938402  25.17579017   40.671
2017017 121.68938404  25.17579016   40.669
2017018 121.68938405  25.17579015   40.670
2017019 121.68938404  25.17579015   40.669
2017020 121.68938405  25.17579015   40.662
2017021 121.68938405  25.17579012   40.669
2017022 121.68938403  25.17579015   40.672
2017023 121.68938404  25.17579014   40.669
2017024 121.68938406  25.17579014   40.677
2017025 121.68938401  25.17579012   40.676
2017026 121.68938400  25.17579010   40.670
2017027 121.68938399  25.17579008   40.671
2017028 121.68938401  25.17579014   40.672
2017029 121.68938402  25.17579013   40.672
2017030 121.68938402  25.17579013   40.669
2017031 121.68938409  25.17579016   40.673
2017032 121.68938403  25.17579014   40.671
2017033 121.68938402  25.17579011   40.674
2017034 121.68938401  25.17579010   40.671
2017035 121.68938403  25.17579011   40.670
2017036 121.68938406  25.17579015   40.674
2017037 121.68938402  25.17579013   40.673
2017038 121.68938401  25.17579012   40.669
2017039 121.68938406  25.17579013   40.666
2017040 121.68938405  25.17579014   40.672
2017041 121.68938407  25.17579013   40.676
2017042 121.68938404  25.17579014   40.675
2017043 121.68938403  25.17579010   40.674
2017044 121.68938402  25.17579012   40.674
2017045 121.68938401  25.17579013   40.670
2017046 121.68938404  25.17579012   40.667
2017047 121.68938404  25.17579011   40.669
2017048 121.68938405  25.17579010   40.670
2017049 121.68938404  25.17579012   40.677
2017050 121.68938409  25.17579014   40.670
2017051 121.68938405  25.17579012   40.663
2017052 121.68938412  25.17579012   40.664
2017053 121.68938414  25.17579014   40.667
2017054 121.68938408  25.17579018   40.674
2017055 121.68938410  25.17579018   40.673
2017056 121.68938409  25.17579019   40.659
2017057 121.68938411  25.17579015   40.668
2017058 121.68938411  25.17579015   40.666
2017059 121.68938406  25.17579013   40.668
2017060 121.68938405  25.17579012   40.673
2017061 121.68938405  25.17579012   40.674
2017062 121.68938408  25.17579013   40.669
2017063 121.68938407  25.17579010   40.672
2017064 121.68938405  25.17579013   40.667
2017065 121.68938404  25.17579013   40.671
2017066 121.68938404  25.17579012   40.668
2017067 121.68938412  25.17579015   40.668
2017068 121.68938410  25.17579017   40.675
2017069 121.68938414  25.17579015   40.675
2017070 121.68938412  25.17579016   40.667
2017071 121.68938419  25.17579016   40.668
2017072 121.68938417  25.17579014   40.657
2017073 121.68938405  25.17579012   40.675
2017074 121.68938406  25.17579012   40.670
2017075 121.68938406  25.17579013   40.669
2017076 121.68938407  25.17579010   40.669
2017077 121.68938406  25.17579011   40.662
2017078 121.68938413  25.17579016   40.664
2017079 121.68938420  25.17579015   40.670
2017080 121.68938407  25.17579010   40.664
2017081 121.68938410  25.17579012   40.666
2017082 121.68938409  25.17579012   40.667
2017083 121.68938409  25.17579009   40.660
2017084 121.68938408  25.17579013   40.665
2017085 121.68938409  25.17579010   40.671
2017086 121.68938408  25.17579012   40.668
2017087 121.68938415  25.17579012   40.661
2017088 121.68938416  25.17579014   40.667
2017089 121.68938418  25.17579012   40.679
2017090 121.68938413  25.17579017   40.670
2017091 121.68938416  25.17579011   40.661
2017092 121.68938413  25.17579013   40.670
2017093 121.68938414  25.17579010   40.671
2017094 121.68938412  25.17579011   40.662
2017095 121.68938419  25.17579010   40.672
2017096 121.68938411  25.17579010   40.674
2017097 121.68938411  25.17579010   40.671
2017098 121.68938412  25.17579013   40.665
2017099 121.68938411  25.17579010   40.667
2017100 121.68938412  25.17579008   40.642
2017101 121.68938421  25.17579018   40.665
2017102 121.68938414  25.17579014   40.672
2017103 121.68938415  25.17579014   40.670
2017104 121.68938415  25.17579015   40.666
2017105 121.68938418  25.17579012   40.659
2017106 121.68938417  25.17579014   40.662
2017107 121.68938429  25.17579018   40.659
2017108 121.68938423  25.17579013   40.662
2017109 121.68938423  25.17579015   40.651
2017110 121.68938416  25.17579008   40.668
2017111 121.68938422  25.17579017   40.678
2017112 121.68938415  25.17579014   40.670
2017113 121.68938418  25.17579015   40.668
2017114 121.68938420  25.17579013   40.667
2017115 121.68938416  25.17579015   40.677
2017116 121.68938420  25.17579016   40.662
2017117 121.68938419  25.17579012   40.673
2017118 121.68938415  25.17579014   40.678
2017119 121.68938417  25.17579016   40.673
2017120 121.68938417  25.17579013   40.667
2017121 121.68938416  25.17579018   40.671
2017122 121.68938418  25.17579012   40.675
2017123 121.68938412  25.17579010   40.670
2017124 121.68938413  25.17579009   40.671
2017125 121.68938408  25.17579012   40.672
2017126 121.68938409  25.17579012   40.669
2017127 121.68938413  25.17579012   40.672
2017128 121.68938403  25.17579014   40.671
2017129 121.68938415  25.17579010   40.663
2017130 121.68938416  25.17579015   40.666
2017131 121.68938419  25.17579015   40.667
2017132 121.68938424  25.17579013   40.664
2017133 121.68938420  25.17579017   40.668
2017134 121.68938419  25.17579012   40.666
2017135 121.68938421  25.17579014   40.668
2017136 121.68938416  25.17579017   40.671
2017137 121.68938416  25.17579020   40.675
2017138 121.68938417  25.17579015   40.673
2017139 121.68938417  25.17579015   40.674
2017140 121.68938424  25.17579012   40.668
2017141 121.68938418  25.17579016   40.686
2017142 121.68938419  25.17579016   40.668
2017143 121.68938417  25.17579012   40.662
2017144 121.68938422  25.17579014   40.666
2017145 121.68938422  25.17579013   40.670
2017146 121.68938416  25.17579017   40.679
2017147 121.68938417  25.17579013   40.669
2017148 121.68938418  25.17579011   40.682
2017149 121.68938421  25.17579014   40.669
2017150 121.68938419  25.17579016   40.673
2017151 121.68938424  25.17579011   40.662
2017152 121.68938417  25.17579007   40.658
2017153 121.68938418  25.17579020   40.645
2017154 121.68938422  25.17579014   40.661
2017155 121.68938426  25.17579016   40.677
2017156 121.68938420  25.17579011   40.674
2017157 121.68938422  25.17579016   40.664
2017158 121.68938419  25.17579012   40.668
2017159 121.68938420  25.17579011   40.669
2017160 121.68938418  25.17579012   40.667
2017161 121.68938419  25.17579014   40.660
2017162 121.68938424  25.17579015   40.671
2017163 121.68938425  25.17579009   40.668
2017164 121.68938432  25.17579007   40.660
2017165 121.68938423  25.17579014   40.660
2017166 121.68938422  25.17579017   40.668
2017167 121.68938424  25.17579011   40.656
2017168 121.68938425  25.17579015   40.668
2017169 121.68938424  25.17579011   40.666
2017170 121.68938427  25.17579015   40.669
2017171 121.68938419  25.17579007   40.651
2017172 121.68938416  25.17579013   40.667
2017173 121.68938423  25.17579012   40.663
2017174 121.68938412  25.17579014   40.678
2017175 121.68938415  25.17579012   40.674
2017176 121.68938423  25.17579011   40.686
2017177 121.68938422  25.17579007   40.672
2017178 121.68938417  25.17579010   40.678
2017179 121.68938416  25.17579012   40.679
2017180 121.68938425  25.17579013   40.663
2017181 121.68938424  25.17579014   40.673
2017182 121.68938427  25.17579013   40.668
2017183 121.68938422  25.17579011   40.659
2017184 121.68938431  25.17579015   40.648
2017185 121.68938428  25.17579009   40.664
2017186 121.68938424  25.17579012   40.670
2017187 121.68938415  25.17579010   40.657
2017188 121.68938421  25.17579011   40.677
2017189 121.68938418  25.17579011   40.675
2017190 121.68938419  25.17579009   40.668
2017191 121.68938424  25.17579012   40.671
2017192 121.68938425  25.17579012   40.673
2017193 121.68938423  25.17579011   40.669
2017194 121.68938424  25.17579009   40.659
2017195 121.68938428  25.17579011   40.661
2017196 121.68938428  25.17579012   40.663
2017197 121.68938430  25.17579010   40.658
2017198 121.68938429  25.17579009   40.664
2017199 121.68938423  25.17579008   40.665
2017200 121.68938422  25.17579007   40.671
2017201 121.68938422  25.17579007   40.668
2017202 121.68938422  25.17579008   40.669
2017203 121.68938421  25.17579010   40.658
2017204 121.68938423  25.17579009   40.673
2017205 121.68938420  25.17579007   40.665
2017206 121.68938420  25.17579008   40.669
2017207 121.68938419  25.17579007   40.682
2017208 121.68938420  25.17579008   40.663
2017209 121.68938428  25.17579009   40.652
2017210 121.68938433  25.17579009   40.660
2017211 121.68938426  25.17579018   40.654
2017212 121.68938428  25.17579012   40.665
2017213 121.68938431  25.17579011   40.667
2017214 121.68938429  25.17579012   40.665
2017215 121.68938423  25.17579009   40.663
2017216 121.68938419  25.17579009   40.660
2017217 121.68938419  25.17579009   40.663
2017218 121.68938423  25.17579007   40.666
2017219 121.68938422  25.17579009   40.668
2017220 121.68938421  25.17579006   40.672
2017221 121.68938428  25.17579005   40.676
2017222 121.68938427  25.17579009   40.689
2017223 121.68938428  25.17579011   40.663
2017224 121.68938422  25.17579011   40.674
2017225 121.68938425  25.17579014   40.673
2017226 121.68938431  25.17579014   40.679
2017227 121.68938425  25.17579009   40.654
2017228 121.68938427  25.17579008   40.660
2017229 121.68938421  25.17579008   40.666
2017230 121.68938426  25.17579005   40.670
2017231 121.68938419  25.17579007   40.666
2017232 121.68938429  25.17579011   40.671
2017233 121.68938429  25.17579011   40.665
2017234 121.68938420  25.17579009   40.681
2017235 121.68938420  25.17579006   40.660
2017236 121.68938424  25.17579008   40.672
2017237 121.68938425  25.17579008   40.673
2017238 121.68938427  25.17579007   40.668
2017239 121.68938426  25.17579006   40.655
2017240 121.68938424  25.17579006   40.664
2017241 121.68938424  25.17579003   40.667
2017242 121.68938428  25.17579009   40.669
2017243 121.68938427  25.17579012   40.669
2017244 121.68938429  25.17579011   40.677
2017245 121.68938431  25.17579012   40.663
2017246 121.68938433  25.17579011   40.653
2017247 121.68938431  25.17579006   40.658
2017248 121.68938426  25.17579007   40.661
2017249 121.68938430  25.17579013   40.656
2017250 121.68938433  25.17579010   40.664
2017251 121.68938430  25.17579011   40.682
2017252 121.68938433  25.17579011   40.669
2017253 121.68938427  25.17579014   40.671
2017254 121.68938430  25.17579010   40.661
2017255 121.68938430  25.17579010   40.662
2017256 121.68938431  25.17579007   40.663
2017257 121.68938430  25.17579008   40.687
2017258 121.68938431  25.17579009   40.667
2017259 121.68938427  25.17579008   40.670
2017260 121.68938424  25.17579012   40.667
2017261 121.68938429  25.17579010   40.669
2017262 121.68938429  25.17579011   40.661
2017263 121.68938426  25.17579014   40.677
2017264 121.68938429  25.17579011   40.666
2017265 121.68938424  25.17579013   40.658
2017266 121.68938429  25.17579007   40.668
2017267 121.68938428  25.17579010   40.673
2017268 121.68938434  25.17579007   40.664
2017269 121.68938429  25.17579009   40.662
2017270 121.68938435  25.17579008   40.666
2017271 121.68938438  25.17579005   40.666
2017272 121.68938433  25.17579011   40.674
2017273 121.68938429  25.17579007   40.670
2017274 121.68938432  25.17579012   40.664
2017275 121.68938432  25.17579007   40.664
2017276 121.68938431  25.17579008   40.667
2017277 121.68938424  25.17579005   40.663
2017278 121.68938426  25.17579006   40.675
2017279 121.68938428  25.17579008   40.697
2017280 121.68938428  25.17579003   40.675
2017281 121.68938430  25.17579005   40.688
2017282 121.68938431  25.17579007   40.667
2017283 121.68938431  25.17579005   40.670
2017284 121.68938429  25.17579007   40.663
2017285 121.68938428  25.17579005   40.677
2017286 121.68938433  25.17579006   40.677
2017287 121.68938433  25.17579007   40.666
2017288 121.68938433  25.17579004   40.663
2017289 121.68938433  25.17579007   40.670
2017290 121.68938428  25.17579002   40.659
2017291 121.68938431  25.17579002   40.672
2017292 121.68938432  25.17579006   40.667
2017293 121.68938433  25.17579005   40.668
2017294 121.68938431  25.17579008   40.680
2017295 121.68938433  25.17579005   40.663
2017296 121.68938431  25.17579006   40.671
2017297 121.68938431  25.17579010   40.677
2017298 121.68938436  25.17579005   40.679
2017299 121.68938431  25.17579005   40.684
2017300 121.68938432  25.17579006   40.672
2017301 121.68938428  25.17579002   40.670
2017302 121.68938430  25.17579003   40.676
2017303 121.68938428  25.17579004   40.678
2017304 121.68938429  25.17579005   40.692
