2016306 121.53990722  25.13615726  440.981
2016307 121.53990721  25.13615724  440.997
2016308 121.53990721  25.13615726  441.003
2016309 121.53990726  25.13615724  440.995
2016310 121.53990725  25.13615723  441.007
2016311 121.53990721  25.13615724  441.005
2016312 121.53990722  25.13615723  440.996
2016313 121.53990719  25.13615723  440.994
2016314 121.53990719  25.13615726  441.005
2016315 121.53990720  25.13615727  440.997
2016316 121.53990719  25.13615725  441.002
2016317 121.53990726  25.13615724  441.002
2016318 121.53990726  25.13615725  441.000
2016319 121.53990729  25.13615723  440.991
2016320 121.53990728  25.13615721  440.995
2016321 121.53990726  25.13615724  441.000
2016322 121.53990730  25.13615724  441.003
2016323 121.53990728  25.13615726  441.003
2016324 121.53990725  25.13615726  440.996
2016325 121.53990728  25.13615725  441.006
2016326 121.53990724  25.13615728  440.999
2016327 121.53990727  25.13615728  440.994
2016328 121.53990725  25.13615726  440.992
2016329 121.53990720  25.13615725  440.996
2016330 121.53990721  25.13615723  440.993
2016331 121.53990730  25.13615726  441.003
2016332 121.53990728  25.13615728  440.993
2016333 121.53990727  25.13615725  440.997
2016334 121.53990726  25.13615727  440.996
2016335 121.53990726  25.13615725  440.993
2016336 121.53990724  25.13615726  440.993
2016337 121.53990728  25.13615724  440.983
2016338 121.53990729  25.13615725  440.994
2016339 121.53990729  25.13615726  440.994
2016340 121.53990730  25.13615729  440.988
2016341 121.53990728  25.13615729  440.997
2016342 121.53990722  25.13615723  441.003
2016343 121.53990726  25.13615723  440.995
2016344 121.53990721  25.13615723  440.992
2016345 121.53990723  25.13615724  440.985
2016346 121.53990728  25.13615724  440.992
2016347 121.53990730  25.13615724  440.997
2016348 121.53990728  25.13615725  440.997
2016349 121.53990724  25.13615727  440.991
2016350 121.53990719  25.13615723  441.001
2016351 121.53990723  25.13615723  440.994
2016352 121.53990721  25.13615722  441.003
2016353 121.53990724  25.13615721  440.996
2016354 121.53990725  25.13615721  440.987
2016355 121.53990731  25.13615725  440.996
2016356 121.53990724  25.13615721  441.007
2016357 121.53990730  25.13615725  441.001
2016358 121.53990722  25.13615727  440.995
2016359 121.53990726  25.13615727  441.008
2016360 121.53990729  25.13615725  440.993
2016361 121.53990730  25.13615724  440.993
2016362 121.53990726  25.13615724  440.999
2016363 121.53990720  25.13615722  440.998
2016364 121.53990719  25.13615722  440.997
2016365 121.53990722  25.13615723  440.997
2016366 121.53990723  25.13615721  441.002
2017001 121.53990723  25.13615723  441.005
2017002 121.53990725  25.13615723  441.003
2017003 121.53990726  25.13615722  440.997
2017004 121.53990727  25.13615723  441.005
2017005 121.53990727  25.13615724  440.993
2017006 121.53990726  25.13615722  440.994
2017007 121.53990726  25.13615722  440.999
2017008 121.53990725  25.13615724  441.003
2017009 121.53990727  25.13615725  440.999
2017010 121.53990728  25.13615725  440.987
2017011 121.53990729  25.13615724  441.000
2017012 121.53990732  25.13615725  441.006
2017013 121.53990728  25.13615726  441.003
2017014 121.53990725  25.13615723  440.997
2017015 121.53990725  25.13615728  441.004
2017016 121.53990724  25.13615726  441.001
2017017 121.53990729  25.13615725  440.995
2017018 121.53990729  25.13615724  441.001
2017019 121.53990728  25.13615724  440.999
2017020 121.53990728  25.13615723  440.994
2017021 121.53990729  25.13615721  440.998
2017022 121.53990726  25.13615725  440.992
2017023 121.53990725  25.13615724  440.993
2017024 121.53990730  25.13615724  440.998
2017025 121.53990724  25.13615721  440.994
2017026 121.53990723  25.13615719  440.996
2017027 121.53990728  25.13615721  440.995
2017028 121.53990726  25.13615721  441.002
2017029 121.53990728  25.13615721  441.000
2017030 121.53990726  25.13615722  440.993
2017031 121.53990734  25.13615725  441.001
2017032 121.53990727  25.13615723  440.996
2017033 121.53990726  25.13615721  441.002
2017034 121.53990728  25.13615719  441.000
2017035 121.53990727  25.13615720  441.004
2017036 121.53990730  25.13615725  440.995
2017037 121.53990728  25.13615723  440.998
2017038 121.53990727  25.13615721  440.998
2017039 121.53990731  25.13615723  441.001
2017040 121.53990730  25.13615725  440.999
2017041 121.53990731  25.13615724  440.997
2017042 121.53990727  25.13615726  440.992
2017043 121.53990726  25.13615720  440.991
2017044 121.53990724  25.13615721  440.998
2017045 121.53990726  25.13615721  440.999
2017046 121.53990729  25.13615720  441.000
2017047 121.53990729  25.13615719  441.001
2017048 121.53990729  25.13615720  440.993
2017049 121.53990728  25.13615721  441.001
2017050 121.53990736  25.13615723  441.005
2017051 121.53990729  25.13615720  440.999
2017052 121.53990738  25.13615722  440.992
2017053 121.53990738  25.13615723  441.003
2017054 121.53990729  25.13615726  441.005
2017055 121.53990732  25.13615727  441.005
2017056 121.53990731  25.13615727  440.988
2017057 121.53990733  25.13615725  440.995
2017058 121.53990731  25.13615724  440.997
2017059 121.53990730  25.13615722  441.001
2017060 121.53990728  25.13615721  441.001
2017061 121.53990729  25.13615721  441.000
2017062 121.53990733  25.13615723  440.998
2017063 121.53990731  25.13615719  440.998
2017064 121.53990731  25.13615722  440.999
2017065 121.53990728  25.13615721  441.004
2017066 121.53990728  25.13615721  440.998
2017067 121.53990734  25.13615724  441.000
2017068 121.53990733  25.13615725  441.006
2017069 121.53990735  25.13615723  441.000
2017070 121.53990737  25.13615725  440.994
2017071 121.53990745  25.13615724  440.996
2017072 121.53990739  25.13615724  440.992
2017073 121.53990729  25.13615721  441.009
2017074 121.53990729  25.13615721  441.006
2017075 121.53990730  25.13615722  441.000
2017076 121.53990732  25.13615719  441.002
2017077 121.53990732  25.13615721  440.997
2017078 121.53990738  25.13615725  440.996
2017079 121.53990742  25.13615722  440.999
2017080 121.53990732  25.13615720  440.999
2017081 121.53990734  25.13615721  440.999
2017082 121.53990732  25.13615722  440.994
2017083 121.53990737  25.13615719  440.995
2017084 121.53990733  25.13615722  441.002
2017085 121.53990734  25.13615720  441.000
2017086 121.53990733  25.13615721  441.003
2017087 121.53990740  25.13615720  441.003
2017088 121.53990742  25.13615722  441.001
2017089 121.53990744  25.13615721  441.004
2017090 121.53990737  25.13615725  440.999
2017091 121.53990740  25.13615722  440.992
2017092 121.53990738  25.13615722  441.004
2017093 121.53990741  25.13615719  441.004
2017094 121.53990736  25.13615720  440.996
2017095 121.53990743  25.13615718  441.005
2017096 121.53990736  25.13615719  441.004
2017097 121.53990736  25.13615718  440.998
2017098 121.53990738  25.13615721  440.996
2017099 121.53990739  25.13615719  440.994
2017100 121.53990740  25.13615720  441.002
2017101 121.53990741  25.13615726  441.005
2017102 121.53990737  25.13615723  441.001
2017103 121.53990740  25.13615722  440.994
2017104 121.53990740  25.13615724  440.997
2017105 121.53990744  25.13615721  441.000
2017106 121.53990743  25.13615721  440.989
2017107 121.53990751  25.13615725  441.017
2017108 121.53990744  25.13615722  440.992
2017109 121.53990746  25.13615722  440.985
2017110 121.53990738  25.13615718  440.995
2017111 121.53990742  25.13615721  441.008
2017112 121.53990738  25.13615723  440.999
2017113 121.53990744  25.13615724  441.000
2017114 121.53990744  25.13615721  440.999
2017115 121.53990741  25.13615723  441.004
2017116 121.53990745  25.13615722  441.001
2017117 121.53990743  25.13615720  440.999
2017118 121.53990741  25.13615726  441.009
2017119 121.53990743  25.13615725  440.996
2017120 121.53990744  25.13615720  440.991
2017121 121.53990743  25.13615724  441.004
2017122 121.53990744  25.13615720  441.001
2017123 121.53990737  25.13615717  441.000
2017124 121.53990740  25.13615718  440.999
2017125 121.53990737  25.13615720  440.993
2017126 121.53990734  25.13615720  440.999
2017127 121.53990740  25.13615721  440.997
2017128 121.53990730  25.13615722  441.005
2017129 121.53990738  25.13615719  441.003
2017130 121.53990743  25.13615724  440.994
2017131 121.53990748  25.13615723  440.988
2017132 121.53990743  25.13615725  441.028
2017133 121.53990745  25.13615725  441.003
2017134 121.53990746  25.13615722  440.997
2017135 121.53990747  25.13615723  440.997
2017136 121.53990741  25.13615724  440.998
2017137 121.53990742  25.13615728  440.997
2017138 121.53990744  25.13615723  440.999
2017139 121.53990741  25.13615723  440.998
2017140 121.53990750  25.13615721  440.996
2017141 121.53990744  25.13615724  441.006
2017142 121.53990746  25.13615723  440.993
2017143 121.53990743  25.13615721  440.992
2017144 121.53990745  25.13615721  440.997
2017145 121.53990745  25.13615721  440.999
2017146 121.53990740  25.13615726  441.005
2017147 121.53990741  25.13615722  440.992
2017148 121.53990742  25.13615720  441.004
2017149 121.53990747  25.13615723  440.999
2017150 121.53990745  25.13615723  440.993
2017151 121.53990748  25.13615720  441.002
2017152 121.53990754  25.13615720  441.010
2017153 121.53990742  25.13615727  440.978
2017154 121.53990747  25.13615725  440.997
2017155 121.53990749  25.13615725  441.006
2017156 121.53990746  25.13615720  441.007
2017157 121.53990750  25.13615724  440.985
2017158 121.53990746  25.13615720  440.992
2017159 121.53990747  25.13615721  440.993
2017160 121.53990747  25.13615721  440.997
2017161 121.53990747  25.13615718  440.978
2017162 121.53990749  25.13615723  441.000
2017163 121.53990751  25.13615716  440.987
2017164 121.53990758  25.13615718  440.987
2017165 121.53990748  25.13615723  440.994
2017166 121.53990745  25.13615726  440.994
2017167 121.53990749  25.13615721  440.997
2017168 121.53990749  25.13615723  440.999
2017169 121.53990747  25.13615720  440.999
2017170 121.53990749  25.13615723  441.007
2017171 121.53990738  25.13615718  440.992
2017172 121.53990742  25.13615719  441.003
2017173 121.53990748  25.13615719  440.995
2017174 121.53990740  25.13615720  440.991
2017175 121.53990742  25.13615718  441.004
2017176 121.53990741  25.13615718  441.004
2017177 121.53990747  25.13615716  441.001
2017178 121.53990744  25.13615717  440.999
2017179 121.53990739  25.13615719  441.013
2017180 121.53990753  25.13615723  441.002
2017181 121.53990751  25.13615723  441.003
2017182 121.53990753  25.13615722  441.001
2017183 121.53990745  25.13615720  440.991
2017184 121.53990755  25.13615725  440.974
2017185 121.53990752  25.13615718  440.991
2017186 121.53990750  25.13615720  441.001
2017187 121.53990741  25.13615717  440.978
2017188 121.53990746  25.13615718  441.005
2017189 121.53990736  25.13615721  441.005
2017190 121.53990740  25.13615720  440.993
2017191 121.53990751  25.13615722  441.000
2017192 121.53990744  25.13615722  441.021
2017193 121.53990742  25.13615717  441.009
2017194 121.53990744  25.13615719  440.994
2017195 121.53990749  25.13615720  440.991
2017196 121.53990748  25.13615722  441.001
2017197 121.53990754  25.13615718  440.994
2017198 121.53990748  25.13615719  441.006
2017199 121.53990746  25.13615718  441.003
2017200 121.53990744  25.13615719  441.003
2017201 121.53990743  25.13615716  441.003
2017202 121.53990744  25.13615715  440.994
2017203 121.53990744  25.13615716  440.980
2017204 121.53990744  25.13615719  440.994
2017205 121.53990741  25.13615718  440.994
2017206 121.53990741  25.13615717  440.994
2017207 121.53990740  25.13615718  441.019
2017208 121.53990741  25.13615718  440.999
2017209 121.53990751  25.13615722  440.966
2017210 121.53990745  25.13615721  440.991
2017211 121.53990743  25.13615729  441.010
2017212 121.53990750  25.13615723  441.002
2017213 121.53990749  25.13615721  440.996
2017214 121.53990749  25.13615725  441.006
2017215 121.53990747  25.13615719  440.991
2017216 121.53990741  25.13615718  440.993
2017217 121.53990745  25.13615717  440.999
2017218 121.53990743  25.13615716  441.005
2017219 121.53990744  25.13615718  440.990
2017220 121.53990744  25.13615717  441.004
2017221 121.53990746  25.13615715  441.004
2017222 121.53990743  25.13615719  441.001
2017223 121.53990747  25.13615717  440.995
2017224 121.53990744  25.13615719  441.001
2017225 121.53990745  25.13615720  440.994
2017226 121.53990749  25.13615721  441.010
2017227 121.53990745  25.13615716  440.994
2017228 121.53990744  25.13615718  440.999
2017229 121.53990741  25.13615718  441.004
2017230 121.53990746  25.13615715  441.000
2017231 121.53990739  25.13615715  441.005
2017232 121.53990749  25.13615722  441.004
2017233 121.53990748  25.13615719  440.983
2017234 121.53990739  25.13615717  440.985
2017235 121.53990739  25.13615716  440.995
2017236 121.53990742  25.13615718  441.002
2017237 121.53990741  25.13615716  441.001
2017238 121.53990744  25.13615714  440.985
2017239 121.53990745  25.13615715  440.996
2017240 121.53990743  25.13615716  441.000
2017241 121.53990744  25.13615710  440.987
2017242 121.53990750  25.13615716  440.998
2017243 121.53990744  25.13615720  440.979
2017244 121.53990746  25.13615719  440.988
2017245 121.53990750  25.13615721  440.998
2017246 121.53990754  25.13615722  441.002
2017247 121.53990751  25.13615716  440.992
2017248 121.53990745  25.13615718  440.996
2017249 121.53990750  25.13615721  440.994
2017250 121.53990751  25.13615719  440.991
2017251 121.53990745  25.13615721  441.020
2017252 121.53990751  25.13615721  440.998
2017253 121.53990747  25.13615721  440.994
2017254 121.53990750  25.13615720  440.990
2017255 121.53990755  25.13615721  440.986
2017256 121.53990746  25.13615727  440.973
2017257 121.53990737  25.13615725  440.999
2017258 121.53990746  25.13615718  440.982
2017259 121.53990748  25.13615717  441.006
2017260 121.53990748  25.13615721  440.991
2017261 121.53990748  25.13615720  440.996
2017262 121.53990748  25.13615721  440.995
2017263 121.53990744  25.13615723  441.002
2017264 121.53990749  25.13615720  440.997
2017265 121.53990746  25.13615720  440.987
2017266 121.53990747  25.13615718  441.006
2017267 121.53990750  25.13615719  441.004
2017268 121.53990754  25.13615716  440.997
2017269 121.53990750  25.13615718  440.994
2017270 121.53990754  25.13615716  440.990
2017271 121.53990747  25.13615707  440.993
2017272 121.53990751  25.13615718  440.981
2017273 121.53990748  25.13615714  441.007
2017274 121.53990750  25.13615721  440.992
2017275 121.53990751  25.13615718  440.989
2017276 121.53990748  25.13615717  440.987
2017277 121.53990742  25.13615715  440.988
2017278 121.53990744  25.13615715  440.995
2017279 121.53990746  25.13615714  440.982
2017280 121.53990743  25.13615712  440.989
2017281 121.53990748  25.13615712  440.985
2017282 121.53990748  25.13615718  440.961
2017283 121.53990747  25.13615715  440.981
2017284 121.53990747  25.13615715  440.972
2017285 121.53990747  25.13615717  440.995
2017286 121.53990746  25.13615716  440.982
2017287 121.53990746  25.13615716  440.998
2017288 121.53990752  25.13615714  441.005
2017289 121.53990747  25.13615714  441.001
2017290 121.53990746  25.13615711  441.019
2017291 121.53990754  25.13615714  440.995
2017292 121.53990752  25.13615718  440.995
2017293 121.53990751  25.13615715  440.994
2017294 121.53990750  25.13615722  440.977
2017295 121.53990749  25.13615716  440.991
2017296 121.53990743  25.13615716  441.001
2017297 121.53990745  25.13615719  441.010
2017298 121.53990753  25.13615718  440.995
2017299 121.53990749  25.13615719  441.007
2017300 121.53990750  25.13615714  441.002
2017301 121.53990745  25.13615712  440.992
2017302 121.53990746  25.13615713  440.990
2017303 121.53990745  25.13615714  441.005
2017304 121.53990742  25.13615711  440.996
