2016306 121.59938566  25.11217164  437.420
2016307 121.59938566  25.11217161  437.427
2016308 121.59938564  25.11217162  437.440
2016309 121.59938570  25.11217161  437.428
2016310 121.59938568  25.11217160  437.432
2016311 121.59938561  25.11217161  437.431
2016312 121.59938566  25.11217159  437.421
2016313 121.59938562  25.11217160  437.428
2016314 121.59938563  25.11217164  437.434
2016315 121.59938563  25.11217164  437.431
2016316 121.59938561  25.11217162  437.434
2016317 121.59938569  25.11217160  437.430
2016318 121.59938568  25.11217161  437.429
2016319 121.59938570  25.11217158  437.421
2016320 121.59938566  25.11217158  437.428
2016321 121.59938567  25.11217160  437.431
2016322 121.59938571  25.11217160  437.433
2016323 121.59938570  25.11217162  437.430
2016324 121.59938568  25.11217163  437.428
2016325 121.59938569  25.11217162  437.433
2016326 121.59938566  25.11217165  437.425
2016327 121.59938567  25.11217164  437.434
2016328 121.59938565  25.11217162  437.433
2016329 121.59938561  25.11217162  437.431
2016330 121.59938561  25.11217162  437.425
2016331 121.59938571  25.11217162  437.429
2016332 121.59938566  25.11217164  437.424
2016333 121.59938568  25.11217162  437.431
2016334 121.59938568  25.11217163  437.429
2016335 121.59938568  25.11217160  437.419
2016336 121.59938566  25.11217161  437.424
2016337 121.59938569  25.11217161  437.419
2016338 121.59938567  25.11217162  437.423
2016339 121.59938571  25.11217162  437.419
2016340 121.59938570  25.11217165  437.421
2016341 121.59938567  25.11217165  437.428
2016342 121.59938564  25.11217160  437.431
2016343 121.59938566  25.11217159  437.426
2016344 121.59938563  25.11217158  437.433
2016345 121.59938561  25.11217159  437.424
2016346 121.59938567  25.11217161  437.431
2016347 121.59938573  25.11217159  437.426
2016348 121.59938571  25.11217160  437.427
2016349 121.59938565  25.11217163  437.430
2016350 121.59938562  25.11217159  437.436
2016351 121.59938564  25.11217158  437.429
2016352 121.59938563  25.11217158  437.435
2016353 121.59938563  25.11217157  437.424
2016354 121.59938562  25.11217158  437.423
2016355 121.59938567  25.11217161  437.414
2016356 121.59938565  25.11217158  437.438
2016357 121.59938568  25.11217162  437.425
2016358 121.59938567  25.11217163  437.441
2016359 121.59938566  25.11217163  437.438
2016360 121.59938569  25.11217162  437.425
2016361 121.59938571  25.11217160  437.428
2016362 121.59938568  25.11217161  437.434
2016363 121.59938563  25.11217158  437.436
2016364 121.59938561  25.11217159  437.432
2016365 121.59938563  25.11217160  437.432
2016366 121.59938561  25.11217157  437.432
2017001 121.59938564  25.11217160  437.430
2017002 121.59938566  25.11217159  437.435
2017003 121.59938566  25.11217159  437.425
2017004 121.59938567  25.11217159  437.430
2017005 121.59938568  25.11217160  437.419
2017006 121.59938568  25.11217159  437.419
2017007 121.59938569  25.11217160  437.423
2017008 121.59938566  25.11217160  437.429
2017009 121.59938568  25.11217162  437.427
2017010 121.59938568  25.11217162  437.418
2017011 121.59938569  25.11217161  437.433
2017012 121.59938573  25.11217163  437.430
2017013 121.59938571  25.11217165  437.430
2017014 121.59938569  25.11217160  437.427
2017015 121.59938566  25.11217166  437.439
2017016 121.59938567  25.11217163  437.434
2017017 121.59938572  25.11217163  437.423
2017018 121.59938572  25.11217161  437.428
2017019 121.59938570  25.11217161  437.427
2017020 121.59938571  25.11217161  437.424
2017021 121.59938572  25.11217159  437.424
2017022 121.59938568  25.11217162  437.425
2017023 121.59938569  25.11217162  437.427
2017024 121.59938569  25.11217161  437.428
2017025 121.59938565  25.11217159  437.427
2017026 121.59938565  25.11217157  437.429
2017027 121.59938568  25.11217157  437.427
2017028 121.59938568  25.11217159  437.432
2017029 121.59938570  25.11217159  437.422
2017030 121.59938567  25.11217160  437.426
2017031 121.59938574  25.11217163  437.427
2017032 121.59938569  25.11217162  437.425
2017033 121.59938567  25.11217159  437.429
2017034 121.59938569  25.11217158  437.426
2017035 121.59938571  25.11217157  437.425
2017036 121.59938573  25.11217161  437.424
2017037 121.59938569  25.11217160  437.427
2017038 121.59938568  25.11217160  437.426
2017039 121.59938575  25.11217160  437.422
2017040 121.59938575  25.11217162  437.429
2017041 121.59938576  25.11217162  437.425
2017042 121.59938571  25.11217164  437.426
2017043 121.59938569  25.11217158  437.429
2017044 121.59938568  25.11217160  437.430
2017045 121.59938569  25.11217160  437.428
2017046 121.59938572  25.11217158  437.424
2017047 121.59938571  25.11217158  437.426
2017048 121.59938571  25.11217158  437.422
2017049 121.59938569  25.11217159  437.426
2017050 121.59938580  25.11217161  437.433
2017051 121.59938571  25.11217158  437.422
2017052 121.59938579  25.11217160  437.417
2017053 121.59938581  25.11217162  437.423
2017054 121.59938572  25.11217164  437.429
2017055 121.59938576  25.11217165  437.433
2017056 121.59938576  25.11217166  437.416
2017057 121.59938577  25.11217164  437.421
2017058 121.59938577  25.11217162  437.425
2017059 121.59938574  25.11217160  437.422
2017060 121.59938572  25.11217160  437.426
2017061 121.59938573  25.11217159  437.427
2017062 121.59938576  25.11217161  437.425
2017063 121.59938574  25.11217157  437.422
2017064 121.59938575  25.11217161  437.428
2017065 121.59938572  25.11217159  437.428
2017066 121.59938573  25.11217160  437.424
2017067 121.59938579  25.11217163  437.427
2017068 121.59938579  25.11217165  437.433
2017069 121.59938579  25.11217161  437.430
2017070 121.59938579  25.11217164  437.420
2017071 121.59938584  25.11217162  437.419
2017072 121.59938584  25.11217162  437.414
2017073 121.59938574  25.11217159  437.431
2017074 121.59938576  25.11217160  437.429
2017075 121.59938574  25.11217160  437.423
2017076 121.59938576  25.11217157  437.423
2017077 121.59938575  25.11217159  437.419
2017078 121.59938582  25.11217163  437.419
2017079 121.59938584  25.11217159  437.427
2017080 121.59938574  25.11217158  437.426
2017081 121.59938577  25.11217158  437.429
2017082 121.59938576  25.11217160  437.422
2017083 121.59938578  25.11217157  437.419
2017084 121.59938576  25.11217160  437.424
2017085 121.59938576  25.11217158  437.429
2017086 121.59938574  25.11217160  437.429
2017087 121.59938583  25.11217159  437.421
2017088 121.59938584  25.11217160  437.424
2017089 121.59938586  25.11217159  437.423
2017090 121.59938580  25.11217163  437.427
2017091 121.59938583  25.11217160  437.417
2017092 121.59938580  25.11217161  437.428
2017093 121.59938582  25.11217158  437.432
2017094 121.59938579  25.11217157  437.420
2017095 121.59938587  25.11217157  437.427
2017096 121.59938580  25.11217157  437.430
2017097 121.59938580  25.11217156  437.423
2017098 121.59938581  25.11217157  437.422
2017099 121.59938577  25.11217156  437.417
2017100 121.59938581  25.11217160  437.412
2017101 121.59938586  25.11217162  437.435
2017102 121.59938581  25.11217161  437.427
2017103 121.59938585  25.11217161  437.423
2017104 121.59938583  25.11217162  437.424
2017105 121.59938588  25.11217160  437.423
2017106 121.59938586  25.11217159  437.403
2017107 121.59938591  25.11217162  437.428
2017108 121.59938586  25.11217159  437.404
2017109 121.59938589  25.11217159  437.399
2017110 121.59938580  25.11217156  437.416
2017111 121.59938585  25.11217160  437.423
2017112 121.59938582  25.11217161  437.426
2017113 121.59938586  25.11217162  437.429
2017114 121.59938588  25.11217160  437.427
2017115 121.59938583  25.11217161  437.428
2017116 121.59938586  25.11217161  437.425
2017117 121.59938585  25.11217159  437.425
2017118 121.59938582  25.11217164  437.434
2017119 121.59938588  25.11217164  437.422
2017120 121.59938586  25.11217159  437.418
2017121 121.59938584  25.11217163  437.427
2017122 121.59938585  25.11217159  437.423
2017123 121.59938580  25.11217156  437.420
2017124 121.59938581  25.11217157  437.426
2017125 121.59938577  25.11217161  437.417
2017126 121.59938576  25.11217159  437.420
2017127 121.59938578  25.11217160  437.420
2017128 121.59938572  25.11217159  437.419
2017129 121.59938581  25.11217158  437.414
2017130 121.59938584  25.11217163  437.420
2017131 121.59938588  25.11217162  437.411
2017132 121.59938592  25.11217157  437.423
2017133 121.59938587  25.11217164  437.421
2017134 121.59938587  25.11217160  437.419
2017135 121.59938589  25.11217162  437.417
2017136 121.59938584  25.11217166  437.419
2017137 121.59938584  25.11217167  437.426
2017138 121.59938583  25.11217163  437.422
2017139 121.59938584  25.11217163  437.420
2017140 121.59938591  25.11217160  437.420
2017141 121.59938584  25.11217164  437.432
2017142 121.59938588  25.11217161  437.416
2017143 121.59938587  25.11217160  437.411
2017144 121.59938588  25.11217159  437.420
2017145 121.59938588  25.11217161  437.421
2017146 121.59938585  25.11217163  437.440
2017147 121.59938584  25.11217161  437.422
2017148 121.59938583  25.11217159  437.432
2017149 121.59938588  25.11217162  437.421
2017150 121.59938587  25.11217162  437.418
2017151 121.59938595  25.11217158  437.416
2017152 121.59938591  25.11217160  437.398
2017153 121.59938584  25.11217164  437.411
2017154 121.59938590  25.11217164  437.428
2017155 121.59938592  25.11217164  437.429
2017156 121.59938589  25.11217158  437.423
2017157 121.59938592  25.11217162  437.408
2017158 121.59938587  25.11217159  437.408
2017159 121.59938589  25.11217157  437.419
2017160 121.59938589  25.11217157  437.418
2017161 121.59938589  25.11217159  437.409
2017162 121.59938594  25.11217160  437.430
2017163 121.59938593  25.11217155  437.420
2017164 121.59938602  25.11217155  437.409
2017165 121.59938591  25.11217161  437.414
2017166 121.59938589  25.11217163  437.421
2017167 121.59938593  25.11217159  437.416
2017168 121.59938593  25.11217160  437.424
2017169 121.59938592  25.11217157  437.417
2017170 121.59938594  25.11217159  437.426
2017171 121.59938584  25.11217153  437.414
2017172 121.59938585  25.11217155  437.423
2017173 121.59938591  25.11217155  437.422
2017174 121.59938581  25.11217157  437.419
2017175 121.59938587  25.11217154  437.429
2017176 121.59938584  25.11217153  437.422
2017177 121.59938588  25.11217151  437.415
2017178 121.59938586  25.11217152  437.423
2017179 121.59938583  25.11217155  437.438
2017180 121.59938594  25.11217159  437.421
2017181 121.59938592  25.11217158  437.433
2017182 121.59938595  25.11217157  437.428
2017183 121.59938593  25.11217155  437.413
2017184 121.59938599  25.11217160  437.405
2017185 121.59938595  25.11217153  437.427
2017186 121.59938591  25.11217156  437.431
2017187 121.59938584  25.11217153  437.411
2017188 121.59938588  25.11217154  437.435
2017189 121.59938586  25.11217155  437.434
2017190 121.59938586  25.11217154  437.431
2017191 121.59938593  25.11217157  437.437
2017192 121.59938591  25.11217156  437.452
2017193 121.59938593  25.11217155  437.448
2017194 121.59938590  25.11217153  437.417
2017195 121.59938592  25.11217155  437.416
2017196 121.59938593  25.11217157  437.420
2017197 121.59938598  25.11217155  437.420
2017198 121.59938594  25.11217153  437.423
2017199 121.59938594  25.11217153  437.425
2017200 121.59938590  25.11217153  437.438
2017201 121.59938589  25.11217152  437.425
2017202 121.59938587  25.11217150  437.427
2017203 121.59938587  25.11217153  437.422
2017204 121.59938589  25.11217156  437.424
2017205 121.59938588  25.11217153  437.421
2017206 121.59938586  25.11217153  437.419
2017207 121.59938587  25.11217152  437.435
2017208 121.59938583  25.11217153  437.418
2017209 121.59938589  25.11217155  437.405
2017210 121.59938592  25.11217152  437.415
2017211 121.59938591  25.11217159  437.439
2017212 121.59938594  25.11217158  437.422
2017213 121.59938598  25.11217157  437.423
2017214 121.59938596  25.11217160  437.427
2017215 121.59938592  25.11217155  437.416
2017216 121.59938591  25.11217154  437.417
2017217 121.59938594  25.11217152  437.412
2017218 121.59938593  25.11217152  437.424
2017219 121.59938593  25.11217154  437.415
2017220 121.59938594  25.11217154  437.416
2017221 121.59938596  25.11217154  437.416
2017222 121.59938592  25.11217157  437.415
2017223 121.59938594  25.11217156  437.415
2017224 121.59938591  25.11217157  437.413
2017225 121.59938590  25.11217160  437.408
2017226 121.59938600  25.11217160  437.423
2017227 121.59938595  25.11217155  437.411
2017228 121.59938594  25.11217156  437.426
2017229 121.59938589  25.11217154  437.417
2017230 121.59938593  25.11217153  437.425
2017231 121.59938586  25.11217153  437.426
2017232 121.59938596  25.11217158  437.429
2017233 121.59938590  25.11217159  437.415
2017234 121.59938587  25.11217156  437.455
2017235 121.59938589  25.11217155  437.414
2017236 121.59938591  25.11217156  437.426
2017237 121.59938587  25.11217154  437.422
2017238 121.59938590  25.11217155  437.412
2017239 121.59938594  25.11217155  437.416
2017240 121.59938588  25.11217154  437.425
2017241 121.59938588  25.11217150  437.404
2017242 121.59938594  25.11217158  437.435
2017243 121.59938589  25.11217159  437.423
2017244 121.59938589  25.11217157  437.417
2017245 121.59938596  25.11217162  437.419
2017246 121.59938601  25.11217160  437.418
2017247 121.59938599  25.11217154  437.415
2017248 121.59938592  25.11217158  437.415
2017249 121.59938599  25.11217160  437.409
2017250 121.59938599  25.11217158  437.413
2017251 121.59938596  25.11217157  437.443
2017252 121.59938599  25.11217159  437.420
2017253 121.59938594  25.11217160  437.413
2017254 121.59938598  25.11217158  437.415
2017255 121.59938594  25.11217159  437.396
2017256 121.59938598  25.11217159  437.407
2017257 121.59938603  25.11217151  437.432
2017258 121.59938596  25.11217157  437.429
2017259 121.59938596  25.11217155  437.423
2017260 121.59938590  25.11217161  437.418
2017261 121.59938597  25.11217160  437.420
2017262 121.59938597  25.11217160  437.407
2017263 121.59938593  25.11217162  437.419
2017264 121.59938598  25.11217159  437.419
2017265 121.59938591  25.11217160  437.403
2017266 121.59938598  25.11217158  437.419
2017267 121.59938599  25.11217159  437.416
2017268 121.59938606  25.11217155  437.410
2017269 121.59938600  25.11217158  437.409
2017270 121.59938604  25.11217157  437.407
2017271 121.59938588  25.11217146  437.407
2017272 121.59938598  25.11217157  437.396
2017273 121.59938596  25.11217155  437.424
2017274 121.59938602  25.11217162  437.411
2017275 121.59938600  25.11217158  437.403
2017276 121.59938598  25.11217157  437.410
2017277 121.59938590  25.11217155  437.415
2017278 121.59938591  25.11217154  437.412
2017279 121.59938593  25.11217156  437.408
2017280 121.59938590  25.11217152  437.413
2017281 121.59938591  25.11217153  437.410
2017282 121.59938594  25.11217157  437.406
2017283 121.59938595  25.11217154  437.421
2017284 121.59938594  25.11217153  437.390
2017285 121.59938592  25.11217157  437.427
2017286 121.59938594  25.11217152  437.411
2017287 121.59938594  25.11217155  437.425
2017288 121.59938603  25.11217153  437.420
2017289 121.59938595  25.11217152  437.409
2017290 121.59938601  25.11217145  437.411
2017291 121.59938599  25.11217152  437.418
2017292 121.59938600  25.11217156  437.415
2017293 121.59938603  25.11217153  437.420
2017294 121.59938604  25.11217158  437.416
2017295 121.59938602  25.11217153  437.412
2017296 121.59938596  25.11217153  437.420
2017297 121.59938597  25.11217153  437.433
2017298 121.59938601  25.11217154  437.414
2017299 121.59938599  25.11217154  437.426
2017300 121.59938600  25.11217150  437.418
2017301 121.59938596  25.11217150  437.417
2017302 121.59938596  25.11217147  437.421
2017303 121.59938593  25.11217150  437.427
2017304 121.59938592  25.11217147  437.424
