2016306 121.66539788  25.10754124   57.090
2016307 121.66539788  25.10754122   57.096
2016308 121.66539786  25.10754123   57.107
2016309 121.66539792  25.10754121   57.100
2016310 121.66539791  25.10754122   57.106
2016311 121.66539788  25.10754122   57.103
2016312 121.66539788  25.10754122   57.098
2016313 121.66539786  25.10754121   57.102
2016314 121.66539786  25.10754124   57.107
2016315 121.66539786  25.10754124   57.103
2016316 121.66539787  25.10754123   57.105
2016317 121.66539793  25.10754122   57.102
2016318 121.66539793  25.10754124   57.099
2016319 121.66539796  25.10754122   57.096
2016320 121.66539793  25.10754120   57.102
2016321 121.66539792  25.10754122   57.105
2016322 121.66539798  25.10754123   57.104
2016323 121.66539794  25.10754125   57.102
2016324 121.66539791  25.10754125   57.093
2016325 121.66539795  25.10754124   57.101
2016326 121.66539791  25.10754126   57.092
2016327 121.66539792  25.10754125   57.109
2016328 121.66539789  25.10754121   57.105
2016329 121.66539788  25.10754123   57.099
2016330 121.66539789  25.10754122   57.096
2016331 121.66539795  25.10754125   57.100
2016332 121.66539789  25.10754124   57.097
2016333 121.66539793  25.10754123   57.100
2016334 121.66539795  25.10754124   57.102
2016335 121.66539791  25.10754122   57.093
2016336 121.66539793  25.10754123   57.097
2016337 121.66539794  25.10754123   57.098
2016338 121.66539794  25.10754124   57.095
2016339 121.66539795  25.10754124   57.094
2016340 121.66539794  25.10754125   57.091
2016341 121.66539792  25.10754126   57.096
2016342 121.66539790  25.10754122   57.102
2016343 121.66539791  25.10754120   57.095
2016344 121.66539789  25.10754121   57.100
2016345 121.66539790  25.10754122   57.097
2016346 121.66539794  25.10754123   57.101
2016347 121.66539798  25.10754122   57.097
2016348 121.66539796  25.10754123   57.092
2016349 121.66539792  25.10754125   57.094
2016350 121.66539788  25.10754120   57.098
2016351 121.66539790  25.10754119   57.096
2016352 121.66539790  25.10754119   57.102
2016353 121.66539790  25.10754119   57.097
2016354 121.66539791  25.10754119   57.099
2016355 121.66539798  25.10754122   57.087
2016356 121.66539792  25.10754121   57.104
2016357 121.66539794  25.10754124   57.097
2016358 121.66539792  25.10754125   57.106
2016359 121.66539792  25.10754124   57.108
2016360 121.66539797  25.10754123   57.094
2016361 121.66539797  25.10754122   57.094
2016362 121.66539794  25.10754121   57.102
2016363 121.66539788  25.10754118   57.106
2016364 121.66539786  25.10754119   57.099
2016365 121.66539789  25.10754120   57.101
2016366 121.66539790  25.10754118   57.100
2017001 121.66539791  25.10754121   57.098
2017002 121.66539792  25.10754121   57.104
2017003 121.66539793  25.10754120   57.095
2017004 121.66539793  25.10754121   57.102
2017005 121.66539794  25.10754122   57.091
2017006 121.66539793  25.10754120   57.089
2017007 121.66539796  25.10754122   57.090
2017008 121.66539792  25.10754121   57.099
2017009 121.66539793  25.10754122   57.096
2017010 121.66539795  25.10754123   57.092
2017011 121.66539794  25.10754121   57.107
2017012 121.66539798  25.10754123   57.102
2017013 121.66539796  25.10754124   57.096
2017014 121.66539795  25.10754120   57.098
2017015 121.66539793  25.10754125   57.105
2017016 121.66539793  25.10754123   57.105
2017017 121.66539796  25.10754123   57.101
2017018 121.66539796  25.10754123   57.100
2017019 121.66539794  25.10754121   57.098
2017020 121.66539796  25.10754122   57.092
2017021 121.66539795  25.10754119   57.095
2017022 121.66539793  25.10754121   57.096
2017023 121.66539795  25.10754120   57.103
2017024 121.66539797  25.10754120   57.101
2017025 121.66539791  25.10754118   57.099
2017026 121.66539791  25.10754117   57.101
2017027 121.66539793  25.10754117   57.101
2017028 121.66539793  25.10754120   57.106
2017029 121.66539794  25.10754119   57.104
2017030 121.66539793  25.10754120   57.097
2017031 121.66539800  25.10754122   57.101
2017032 121.66539794  25.10754119   57.099
2017033 121.66539793  25.10754117   57.103
2017034 121.66539795  25.10754118   57.100
2017035 121.66539795  25.10754118   57.100
2017036 121.66539796  25.10754122   57.097
2017037 121.66539793  25.10754118   57.101
2017038 121.66539794  25.10754118   57.105
2017039 121.66539798  25.10754121   57.095
2017040 121.66539796  25.10754121   57.099
2017041 121.66539797  25.10754120   57.099
2017042 121.66539794  25.10754120   57.098
2017043 121.66539793  25.10754116   57.105
2017044 121.66539793  25.10754118   57.105
2017045 121.66539795  25.10754119   57.101
2017046 121.66539797  25.10754118   57.099
2017047 121.66539796  25.10754118   57.099
2017048 121.66539797  25.10754117   57.093
2017049 121.66539795  25.10754118   57.099
2017050 121.66539804  25.10754120   57.106
2017051 121.66539796  25.10754119   57.098
2017052 121.66539803  25.10754119   57.090
2017053 121.66539804  25.10754122   57.101
2017054 121.66539797  25.10754123   57.100
2017055 121.66539801  25.10754123   57.102
2017056 121.66539799  25.10754124   57.089
2017057 121.66539801  25.10754122   57.094
2017058 121.66539803  25.10754121   57.094
2017059 121.66539797  25.10754120   57.096
2017060 121.66539796  25.10754119   57.100
2017061 121.66539797  25.10754118   57.107
2017062 121.66539799  25.10754120   57.098
2017063 121.66539799  25.10754116   57.096
2017064 121.66539798  25.10754120   57.101
2017065 121.66539795  25.10754119   57.097
2017066 121.66539795  25.10754118   57.096
2017067 121.66539804  25.10754122   57.100
2017068 121.66539804  25.10754124   57.107
2017069 121.66539803  25.10754120   57.108
2017070 121.66539804  25.10754123   57.099
2017071 121.66539809  25.10754122   57.086
2017072 121.66539807  25.10754122   57.093
2017073 121.66539796  25.10754118   57.105
2017074 121.66539798  25.10754120   57.102
2017075 121.66539798  25.10754120   57.098
2017076 121.66539798  25.10754117   57.098
2017077 121.66539798  25.10754119   57.097
2017078 121.66539804  25.10754123   57.092
2017079 121.66539808  25.10754118   57.098
2017080 121.66539798  25.10754117   57.097
2017081 121.66539801  25.10754118   57.096
2017082 121.66539800  25.10754120   57.098
2017083 121.66539802  25.10754117   57.093
2017084 121.66539799  25.10754119   57.097
2017085 121.66539799  25.10754117   57.096
2017086 121.66539800  25.10754119   57.103
2017087 121.66539808  25.10754118   57.102
2017088 121.66539809  25.10754121   57.100
2017089 121.66539812  25.10754119   57.096
2017090 121.66539802  25.10754122   57.096
2017091 121.66539807  25.10754117   57.094
2017092 121.66539805  25.10754120   57.100
2017093 121.66539807  25.10754116   57.102
2017094 121.66539804  25.10754118   57.097
2017095 121.66539810  25.10754117   57.102
2017096 121.66539803  25.10754118   57.105
2017097 121.66539803  25.10754118   57.095
2017098 121.66539805  25.10754120   57.095
2017099 121.66539804  25.10754119   57.080
2017100 121.66539802  25.10754120   57.089
2017101 121.66539810  25.10754123   57.103
2017102 121.66539803  25.10754122   57.098
2017103 121.66539806  25.10754120   57.094
2017104 121.66539807  25.10754123   57.094
2017105 121.66539811  25.10754120   57.085
2017106 121.66539808  25.10754122   57.085
2017107 121.66539815  25.10754123   57.090
2017108 121.66539813  25.10754118   57.086
2017109 121.66539809  25.10754122   57.076
2017110 121.66539804  25.10754117   57.081
2017111 121.66539809  25.10754122   57.108
2017112 121.66539805  25.10754121   57.094
2017113 121.66539808  25.10754122   57.097
2017114 121.66539812  25.10754120   57.098
2017115 121.66539807  25.10754122   57.104
2017116 121.66539812  25.10754121   57.098
2017117 121.66539807  25.10754119   57.098
2017118 121.66539807  25.10754123   57.105
2017119 121.66539809  25.10754124   57.096
2017120 121.66539809  25.10754120   57.088
2017121 121.66539808  25.10754124   57.101
2017122 121.66539809  25.10754120   57.097
2017123 121.66539803  25.10754117   57.098
2017124 121.66539805  25.10754118   57.095
2017125 121.66539801  25.10754120   57.101
2017126 121.66539799  25.10754119   57.095
2017127 121.66539804  25.10754119   57.099
2017128 121.66539794  25.10754121   57.103
2017129 121.66539804  25.10754118   57.098
2017130 121.66539809  25.10754123   57.094
2017131 121.66539811  25.10754123   57.084
2017132 121.66539819  25.10754114   57.082
2017133 121.66539809  25.10754124   57.094
2017134 121.66539813  25.10754121   57.094
2017135 121.66539813  25.10754121   57.095
2017136 121.66539808  25.10754123   57.094
2017137 121.66539808  25.10754125   57.101
2017138 121.66539809  25.10754120   57.097
2017139 121.66539808  25.10754122   57.094
2017140 121.66539815  25.10754120   57.095
2017141 121.66539810  25.10754122   57.109
2017142 121.66539812  25.10754122   57.092
2017143 121.66539809  25.10754120   57.094
2017144 121.66539811  25.10754120   57.101
2017145 121.66539811  25.10754121   57.097
2017146 121.66539806  25.10754123   57.105
2017147 121.66539807  25.10754120   57.094
2017148 121.66539808  25.10754118   57.105
2017149 121.66539813  25.10754122   57.098
2017150 121.66539811  25.10754125   57.100
2017151 121.66539821  25.10754121   57.100
2017152 121.66539810  25.10754119   57.103
2017153 121.66539807  25.10754125   57.076
2017154 121.66539813  25.10754124   57.092
2017155 121.66539817  25.10754124   57.111
2017156 121.66539813  25.10754119   57.100
2017157 121.66539814  25.10754127   57.083
2017158 121.66539808  25.10754121   57.086
2017159 121.66539812  25.10754120   57.095
2017160 121.66539811  25.10754119   57.098
2017161 121.66539809  25.10754119   57.080
2017162 121.66539818  25.10754120   57.095
2017163 121.66539816  25.10754118   57.096
2017164 121.66539824  25.10754117   57.082
2017165 121.66539813  25.10754123   57.091
2017166 121.66539812  25.10754125   57.097
2017167 121.66539814  25.10754120   57.089
2017168 121.66539816  25.10754122   57.095
2017169 121.66539814  25.10754118   57.096
2017170 121.66539818  25.10754122   57.101
2017171 121.66539808  25.10754116   57.090
2017172 121.66539807  25.10754120   57.102
2017173 121.66539814  25.10754120   57.090
2017174 121.66539804  25.10754121   57.104
2017175 121.66539807  25.10754121   57.100
2017176 121.66539808  25.10754114   57.098
2017177 121.66539811  25.10754113   57.097
2017178 121.66539811  25.10754118   57.106
2017179 121.66539807  25.10754119   57.102
2017180 121.66539818  25.10754122   57.090
2017181 121.66539817  25.10754122   57.094
2017182 121.66539819  25.10754121   57.091
2017183 121.66539814  25.10754118   57.082
2017184 121.66539822  25.10754123   57.082
2017185 121.66539821  25.10754116   57.088
2017186 121.66539816  25.10754120   57.105
2017187 121.66539807  25.10754116   57.093
2017188 121.66539813  25.10754117   57.105
2017189 121.66539810  25.10754119   57.097
2017190 121.66539814  25.10754115   57.104
2017191 121.66539817  25.10754122   57.099
2017192 121.66539820  25.10754117   57.107
2017193 121.66539816  25.10754120   57.098
2017194 121.66539815  25.10754117   57.087
2017195 121.66539820  25.10754117   57.088
2017196 121.66539818  25.10754120   57.092
2017197 121.66539823  25.10754118   57.098
2017198 121.66539819  25.10754116   57.096
2017199 121.66539817  25.10754116   57.098
2017200 121.66539815  25.10754116   57.104
2017201 121.66539814  25.10754114   57.097
2017202 121.66539814  25.10754114   57.099
2017203 121.66539811  25.10754120   57.100
2017204 121.66539816  25.10754116   57.096
2017205 121.66539811  25.10754114   57.098
2017206 121.66539811  25.10754114   57.096
2017207 121.66539812  25.10754114   57.106
2017208 121.66539812  25.10754115   57.099
2017209 121.66539815  25.10754115   57.084
2017210 121.66539821  25.10754107   57.082
2017211 121.66539829  25.10754106   57.081
2017212 121.66539819  25.10754120   57.096
2017213 121.66539822  25.10754119   57.096
2017214 121.66539821  25.10754120   57.093
2017215 121.66539814  25.10754116   57.093
2017216 121.66539814  25.10754116   57.087
2017217 121.66539816  25.10754116   57.091
2017218 121.66539817  25.10754115   57.103
2017219 121.66539813  25.10754115   57.093
2017220 121.66539815  25.10754115   57.097
2017221 121.66539814  25.10754113   57.105
2017222 121.66539814  25.10754115   57.099
2017223 121.66539818  25.10754117   57.094
2017224 121.66539813  25.10754118   57.097
2017225 121.66539816  25.10754121   57.100
2017226 121.66539820  25.10754121   57.098
2017227 121.66539816  25.10754117   57.085
2017228 121.66539820  25.10754116   57.088
2017229 121.66539811  25.10754114   57.093
2017230 121.66539818  25.10754113   57.087
2017231 121.66539809  25.10754114   57.094
2017232 121.66539820  25.10754119   57.103
2017233 121.66539817  25.10754116   57.091
2017234 121.66539813  25.10754114   57.114
2017235 121.66539811  25.10754115   57.088
2017236 121.66539814  25.10754116   57.101
2017237 121.66539816  25.10754114   57.110
2017238 121.66539816  25.10754116   57.116
2017239 121.66539818  25.10754114   57.089
2017240 121.66539815  25.10754113   57.095
2017241 121.66539813  25.10754109   57.105
2017242 121.66539819  25.10754116   57.100
2017243 121.66539816  25.10754117   57.102
2017244 121.66539815  25.10754118   57.104
2017245 121.66539821  25.10754119   57.092
2017246 121.66539824  25.10754120   57.087
2017247 121.66539824  25.10754114   57.095
2017248 121.66539819  25.10754117   57.098
2017249 121.66539821  25.10754121   57.094
2017250 121.66539824  25.10754117   57.086
2017251 121.66539820  25.10754116   57.108
2017252 121.66539822  25.10754118   57.093
2017253 121.66539818  25.10754120   57.097
2017254 121.66539821  25.10754118   57.091
2017255 121.66539821  25.10754115   57.061
2017256 121.66539819  25.10754118   57.085
2017257 121.66539821  25.10754110   57.106
2017258 121.66539820  25.10754111   57.091
2017259 121.66539819  25.10754115   57.096
2017260 121.66539817  25.10754119   57.092
2017261 121.66539820  25.10754118   57.100
2017262 121.66539821  25.10754119   57.087
2017263 121.66539818  25.10754120   57.104
2017264 121.66539820  25.10754118   57.096
2017265 121.66539815  25.10754119   57.082
2017266 121.66539821  25.10754114   57.101
2017267 121.66539821  25.10754117   57.097
2017268 121.66539825  25.10754114   57.092
2017269 121.66539822  25.10754117   57.094
2017270 121.66539826  25.10754115   57.087
2017271 121.66539816  25.10754105   57.091
2017272 121.66539821  25.10754117   57.091
2017273 121.66539820  25.10754112   57.101
2017274 121.66539824  25.10754119   57.092
2017275 121.66539824  25.10754117   57.085
2017276 121.66539821  25.10754115   57.084
2017277 121.66539814  25.10754113   57.087
2017278 121.66539814  25.10754111   57.094
2017279 121.66539817  25.10754116   57.121
2017280 121.66539816  25.10754109   57.095
2017281 121.66539817  25.10754109   57.107
2017282 121.66539821  25.10754117   57.087
2017283 121.66539821  25.10754114   57.091
2017284 121.66539819  25.10754110   57.076
2017285 121.66539816  25.10754119   57.101
2017286 121.66539818  25.10754111   57.097
2017287 121.66539820  25.10754113   57.106
2017288 121.66539826  25.10754113   57.095
2017289 121.66539819  25.10754111   57.097
2017290 121.66539819  25.10754110   57.082
2017291 121.66539821  25.10754110   57.094
2017292 121.66539822  25.10754115   57.090
2017293 121.66539823  25.10754112   57.097
2017294 121.66539818  25.10754116   57.087
2017295 121.66539823  25.10754114   57.097
2017296 121.66539821  25.10754112   57.105
2017297 121.66539821  25.10754115   57.106
2017298 121.66539826  25.10754113   57.099
2017299 121.66539819  25.10754113   57.105
2017300 121.66539823  25.10754113   57.095
2017301 121.66539819  25.10754111   57.092
2017302 121.66539817  25.10754111   57.094
2017303 121.66539816  25.10754110   57.103
2017304 121.66539816  25.10754106   57.103
