2016306 121.58153004  25.06901804   54.071
2016307 121.58153003  25.06901801   54.078
2016308 121.58153002  25.06901803   54.085
2016309 121.58153007  25.06901801   54.077
2016310 121.58153006  25.06901801   54.081
2016311 121.58153000  25.06901801   54.076
2016312 121.58153003  25.06901800   54.074
2016313 121.58153001  25.06901801   54.079
2016314 121.58153001  25.06901804   54.085
2016315 121.58153002  25.06901804   54.080
2016316 121.58153000  25.06901802   54.080
2016317 121.58153006  25.06901801   54.082
2016318 121.58153006  25.06901802   54.080
2016319 121.58153008  25.06901800   54.072
2016320 121.58153008  25.06901799   54.077
2016321 121.58153006  25.06901801   54.084
2016322 121.58153011  25.06901801   54.085
2016323 121.58153008  25.06901802   54.083
2016324 121.58153005  25.06901803   54.079
2016325 121.58153008  25.06901803   54.085
2016326 121.58153005  25.06901805   54.072
2016327 121.58153008  25.06901804   54.084
2016328 121.58153005  25.06901802   54.081
2016329 121.58153001  25.06901803   54.072
2016330 121.58153003  25.06901801   54.069
2016331 121.58153009  25.06901803   54.080
2016332 121.58153006  25.06901803   54.077
2016333 121.58153008  25.06901803   54.079
2016334 121.58153008  25.06901803   54.078
2016335 121.58153008  25.06901802   54.074
2016336 121.58153007  25.06901803   54.075
2016337 121.58153010  25.06901803   54.066
2016338 121.58153009  25.06901803   54.071
2016339 121.58153010  25.06901803   54.069
2016340 121.58153009  25.06901804   54.071
2016341 121.58153007  25.06901805   54.073
2016342 121.58153004  25.06901801   54.078
2016343 121.58153007  25.06901800   54.073
2016344 121.58153004  25.06901801   54.076
2016345 121.58153005  25.06901803   54.069
2016346 121.58153007  25.06901802   54.078
2016347 121.58153011  25.06901800   54.073
2016348 121.58153009  25.06901801   54.071
2016349 121.58153007  25.06901804   54.076
2016350 121.58153002  25.06901800   54.079
2016351 121.58153004  25.06901799   54.071
2016352 121.58153004  25.06901800   54.080
2016353 121.58153004  25.06901798   54.074
2016354 121.58153005  25.06901799   54.070
2016355 121.58153011  25.06901804   54.063
2016356 121.58153005  25.06901798   54.088
2016357 121.58153009  25.06901803   54.078
2016358 121.58153007  25.06901803   54.084
2016359 121.58153007  25.06901804   54.085
2016360 121.58153011  25.06901804   54.073
2016361 121.58153011  25.06901801   54.075
2016362 121.58153009  25.06901801   54.080
2016363 121.58153004  25.06901798   54.082
2016364 121.58153002  25.06901799   54.077
2016365 121.58153003  25.06901800   54.078
2016366 121.58153004  25.06901797   54.076
2017001 121.58153005  25.06901800   54.084
2017002 121.58153008  25.06901801   54.084
2017003 121.58153008  25.06901799   54.073
2017004 121.58153008  25.06901800   54.079
2017005 121.58153008  25.06901801   54.070
2017006 121.58153007  25.06901799   54.070
2017007 121.58153007  25.06901800   54.073
2017008 121.58153006  25.06901800   54.081
2017009 121.58153008  25.06901802   54.078
2017010 121.58153010  25.06901803   54.068
2017011 121.58153011  25.06901802   54.081
2017012 121.58153013  25.06901802   54.084
2017013 121.58153010  25.06901803   54.077
2017014 121.58153009  25.06901801   54.077
2017015 121.58153007  25.06901805   54.081
2017016 121.58153008  25.06901803   54.080
2017017 121.58153011  25.06901803   54.075
2017018 121.58153011  25.06901801   54.082
2017019 121.58153010  25.06901801   54.075
2017020 121.58153010  25.06901801   54.073
2017021 121.58153012  25.06901798   54.075
2017022 121.58153009  25.06901802   54.074
2017023 121.58153010  25.06901801   54.073
2017024 121.58153012  25.06901801   54.075
2017025 121.58153007  25.06901798   54.075
2017026 121.58153007  25.06901798   54.075
2017027 121.58153009  25.06901797   54.079
2017028 121.58153009  25.06901799   54.084
2017029 121.58153009  25.06901798   54.077
2017030 121.58153009  25.06901799   54.073
2017031 121.58153016  25.06901802   54.077
2017032 121.58153010  25.06901800   54.075
2017033 121.58153008  25.06901798   54.080
2017034 121.58153010  25.06901798   54.077
2017035 121.58153011  25.06901797   54.079
2017036 121.58153014  25.06901801   54.076
2017037 121.58153010  25.06901799   54.079
2017038 121.58153009  25.06901799   54.080
2017039 121.58153013  25.06901801   54.079
2017040 121.58153013  25.06901801   54.076
2017041 121.58153014  25.06901801   54.078
2017042 121.58153012  25.06901803   54.077
2017043 121.58153009  25.06901797   54.077
2017044 121.58153008  25.06901799   54.080
2017045 121.58153009  25.06901800   54.078
2017046 121.58153011  25.06901797   54.077
2017047 121.58153011  25.06901798   54.079
2017048 121.58153011  25.06901798   54.073
2017049 121.58153010  25.06901799   54.078
2017050 121.58153018  25.06901799   54.076
2017051 121.58153011  25.06901798   54.074
2017052 121.58153020  25.06901800   54.071
2017053 121.58153020  25.06901801   54.075
2017054 121.58153013  25.06901804   54.077
2017055 121.58153016  25.06901804   54.081
2017056 121.58153015  25.06901804   54.064
2017057 121.58153017  25.06901802   54.073
2017058 121.58153015  25.06901801   54.072
2017059 121.58153014  25.06901800   54.078
2017060 121.58153011  25.06901799   54.077
2017061 121.58153012  25.06901798   54.078
2017062 121.58153015  25.06901800   54.079
2017063 121.58153013  25.06901796   54.077
2017064 121.58153013  25.06901800   54.075
2017065 121.58153011  25.06901798   54.078
2017066 121.58153011  25.06901798   54.077
2017067 121.58153017  25.06901802   54.078
2017068 121.58153016  25.06901803   54.085
2017069 121.58153018  25.06901801   54.082
2017070 121.58153018  25.06901802   54.072
2017071 121.58153023  25.06901803   54.075
2017072 121.58153022  25.06901801   54.070
2017073 121.58153011  25.06901798   54.083
2017074 121.58153013  25.06901799   54.080
2017075 121.58153014  25.06901800   54.078
2017076 121.58153014  25.06901796   54.077
2017077 121.58153013  25.06901798   54.078
2017078 121.58153020  25.06901801   54.073
2017079 121.58153023  25.06901799   54.077
2017080 121.58153014  25.06901797   54.077
2017081 121.58153016  25.06901797   54.078
2017082 121.58153015  25.06901799   54.074
2017083 121.58153017  25.06901797   54.075
2017084 121.58153015  25.06901799   54.077
2017085 121.58153015  25.06901796   54.082
2017086 121.58153015  25.06901799   54.081
2017087 121.58153021  25.06901797   54.068
2017088 121.58153023  25.06901799   54.080
2017089 121.58153025  25.06901798   54.081
2017090 121.58153018  25.06901802   54.079
2017091 121.58153022  25.06901797   54.072
2017092 121.58153021  25.06901799   54.080
2017093 121.58153022  25.06901797   54.081
2017094 121.58153019  25.06901797   54.076
2017095 121.58153025  25.06901796   54.084
2017096 121.58153018  25.06901796   54.083
2017097 121.58153018  25.06901796   54.072
2017098 121.58153020  25.06901797   54.072
2017099 121.58153017  25.06901796   54.072
2017100 121.58153016  25.06901796   54.074
2017101 121.58153024  25.06901803   54.084
2017102 121.58153019  25.06901800   54.077
2017103 121.58153022  25.06901799   54.073
2017104 121.58153021  25.06901801   54.075
2017105 121.58153026  25.06901798   54.073
2017106 121.58153024  25.06901799   54.063
2017107 121.58153030  25.06901801   54.085
2017108 121.58153025  25.06901798   54.068
2017109 121.58153026  25.06901799   54.061
2017110 121.58153018  25.06901796   54.078
2017111 121.58153023  25.06901799   54.084
2017112 121.58153020  25.06901799   54.078
2017113 121.58153024  25.06901801   54.080
2017114 121.58153026  25.06901799   54.081
2017115 121.58153022  25.06901801   54.081
2017116 121.58153025  25.06901801   54.073
2017117 121.58153023  25.06901798   54.078
2017118 121.58153021  25.06901801   54.088
2017119 121.58153026  25.06901801   54.077
2017120 121.58153024  25.06901799   54.079
2017121 121.58153023  25.06901802   54.082
2017122 121.58153023  25.06901797   54.077
2017123 121.58153019  25.06901795   54.078
2017124 121.58153021  25.06901796   54.084
2017125 121.58153016  25.06901798   54.073
2017126 121.58153015  25.06901797   54.080
2017127 121.58153019  25.06901797   54.078
2017128 121.58153009  25.06901798   54.085
2017129 121.58153018  25.06901796   54.078
2017130 121.58153023  25.06901801   54.075
2017131 121.58153027  25.06901799   54.074
2017132 121.58153033  25.06901792   54.075
2017133 121.58153024  25.06901802   54.078
2017134 121.58153026  25.06901799   54.078
2017135 121.58153027  25.06901800   54.079
2017136 121.58153022  25.06901802   54.077
2017137 121.58153022  25.06901805   54.082
2017138 121.58153020  25.06901801   54.071
2017139 121.58153022  25.06901801   54.076
2017140 121.58153029  25.06901798   54.076
2017141 121.58153023  25.06901800   54.091
2017142 121.58153025  25.06901800   54.076
2017143 121.58153021  25.06901798   54.069
2017144 121.58153025  25.06901798   54.078
2017145 121.58153024  25.06901798   54.080
2017146 121.58153022  25.06901802   54.084
2017147 121.58153022  25.06901799   54.076
2017148 121.58153023  25.06901796   54.084
2017149 121.58153026  25.06901799   54.072
2017150 121.58153022  25.06901801   54.076
2017151 121.58153029  25.06901798   54.071
2017152 121.58153027  25.06901798   54.069
2017153 121.58153021  25.06901800   54.063
2017154 121.58153024  25.06901801   54.081
2017155 121.58153027  25.06901803   54.086
2017156 121.58153024  25.06901796   54.079
2017157 121.58153028  25.06901803   54.073
2017158 121.58153020  25.06901798   54.068
2017159 121.58153023  25.06901797   54.075
2017160 121.58153024  25.06901798   54.078
2017161 121.58153019  25.06901795   54.061
2017162 121.58153028  25.06901796   54.086
2017163 121.58153026  25.06901796   54.082
2017164 121.58153036  25.06901792   54.064
2017165 121.58153027  25.06901799   54.068
2017166 121.58153026  25.06901802   54.075
2017167 121.58153028  25.06901798   54.072
2017168 121.58153029  25.06901799   54.075
2017169 121.58153027  25.06901795   54.075
2017170 121.58153029  25.06901800   54.080
2017171 121.58153018  25.06901794   54.069
2017172 121.58153019  25.06901798   54.085
2017173 121.58153024  25.06901796   54.077
2017174 121.58153013  25.06901799   54.070
2017175 121.58153018  25.06901796   54.080
2017176 121.58153019  25.06901795   54.078
2017177 121.58153022  25.06901792   54.080
2017178 121.58153020  25.06901795   54.081
2017179 121.58153019  25.06901796   54.096
2017180 121.58153030  25.06901799   54.080
2017181 121.58153028  25.06901799   54.085
2017182 121.58153031  25.06901798   54.082
2017183 121.58153024  25.06901795   54.069
2017184 121.58153033  25.06901799   54.064
2017185 121.58153031  25.06901792   54.079
2017186 121.58153026  25.06901797   54.080
2017187 121.58153017  25.06901794   54.066
2017188 121.58153024  25.06901794   54.089
2017189 121.58153022  25.06901795   54.086
2017190 121.58153022  25.06901794   54.080
2017191 121.58153028  25.06901798   54.083
2017192 121.58153024  25.06901795   54.111
2017193 121.58153027  25.06901793   54.092
2017194 121.58153027  25.06901794   54.068
2017195 121.58153031  25.06901794   54.067
2017196 121.58153029  25.06901796   54.068
2017197 121.58153035  25.06901793   54.072
2017198 121.58153030  25.06901792   54.083
2017199 121.58153028  25.06901792   54.081
2017200 121.58153026  25.06901793   54.086
2017201 121.58153026  25.06901791   54.080
2017202 121.58153024  25.06901794   54.076
2017203 121.58153024  25.06901798   54.065
2017204 121.58153027  25.06901793   54.079
2017205 121.58153023  25.06901792   54.078
2017206 121.58153022  25.06901792   54.074
2017207 121.58153023  25.06901793   54.086
2017208 121.58153022  25.06901794   54.076
2017209 121.58153026  25.06901797   54.059
2017210 121.58153032  25.06901790   54.065
2017211 121.58153033  25.06901792   54.059
2017212 121.58153031  25.06901797   54.080
2017213 121.58153032  25.06901796   54.078
2017214 121.58153032  25.06901798   54.081
2017215 121.58153023  25.06901795   54.078
2017216 121.58153024  25.06901793   54.075
2017217 121.58153027  25.06901793   54.078
2017218 121.58153025  25.06901792   54.091
2017219 121.58153025  25.06901795   54.082
2017220 121.58153027  25.06901793   54.075
2017221 121.58153028  25.06901792   54.078
2017222 121.58153026  25.06901794   54.082
2017223 121.58153027  25.06901796   54.078
2017224 121.58153026  25.06901796   54.076
2017225 121.58153025  25.06901799   54.064
2017226 121.58153034  25.06901799   54.085
2017227 121.58153031  25.06901795   54.078
2017228 121.58153029  25.06901794   54.075
2017229 121.58153024  25.06901792   54.072
2017230 121.58153030  25.06901790   54.082
2017231 121.58153020  25.06901792   54.081
2017232 121.58153032  25.06901797   54.083
2017233 121.58153026  25.06901798   54.083
2017234 121.58153023  25.06901792   54.100
2017235 121.58153023  25.06901792   54.071
2017236 121.58153026  25.06901794   54.083
2017237 121.58153027  25.06901791   54.088
2017238 121.58153028  25.06901796   54.079
2017239 121.58153029  25.06901791   54.083
2017240 121.58153024  25.06901792   54.082
2017241 121.58153026  25.06901788   54.075
2017242 121.58153031  25.06901794   54.077
2017243 121.58153029  25.06901799   54.066
2017244 121.58153028  25.06901795   54.082
2017245 121.58153034  25.06901798   54.074
2017246 121.58153039  25.06901798   54.087
2017247 121.58153034  25.06901792   54.068
2017248 121.58153029  25.06901796   54.069
2017249 121.58153033  25.06901798   54.072
2017250 121.58153033  25.06901796   54.073
2017251 121.58153030  25.06901794   54.100
2017252 121.58153034  25.06901797   54.078
2017253 121.58153029  25.06901798   54.063
2017254 121.58153032  25.06901797   54.068
2017255 121.58153033  25.06901797   54.060
2017256 121.58153032  25.06901795   54.081
2017257 121.58153028  25.06901793   54.081
2017258 121.58153029  25.06901795   54.073
2017259 121.58153033  25.06901793   54.077
2017260 121.58153030  25.06901798   54.067
2017261 121.58153033  25.06901796   54.080
2017262 121.58153032  25.06901797   54.069
2017263 121.58153028  25.06901798   54.083
2017264 121.58153032  25.06901796   54.079
2017265 121.58153028  25.06901798   54.062
2017266 121.58153032  25.06901793   54.076
2017267 121.58153033  25.06901796   54.083
2017268 121.58153037  25.06901792   54.074
2017269 121.58153034  25.06901795   54.077
2017270 121.58153036  25.06901793   54.069
2017271 121.58153027  25.06901787   54.071
2017272 121.58153033  25.06901793   54.060
2017273 121.58153031  25.06901794   54.087
2017274 121.58153035  25.06901797   54.071
2017275 121.58153034  25.06901795   54.075
2017276 121.58153035  25.06901795   54.072
2017277 121.58153028  25.06901792   54.067
2017278 121.58153027  25.06901791   54.067
2017279 121.58153028  25.06901787   54.089
2017280 121.58153027  25.06901789   54.079
2017281 121.58153026  25.06901792   54.089
2017282 121.58153029  25.06901796   54.078
2017283 121.58153031  25.06901792   54.078
2017284 121.58153032  25.06901791   54.045
2017285 121.58153029  25.06901798   54.105
2017286 121.58153033  25.06901795   54.073
2017287 121.58153028  25.06901793   54.087
2017288 121.58153039  25.06901789   54.076
2017289 121.58153032  25.06901789   54.080
2017290 121.58153035  25.06901791   54.068
2017291 121.58153036  25.06901790   54.077
2017292 121.58153037  25.06901794   54.074
2017293 121.58153036  25.06901791   54.077
2017294 121.58153035  25.06901794   54.071
2017295 121.58153036  25.06901793   54.075
2017296 121.58153033  25.06901792   54.081
2017297 121.58153035  25.06901794   54.080
2017298 121.58153039  25.06901793   54.076
2017299 121.58153036  25.06901792   54.084
2017300 121.58153035  25.06901793   54.075
2017301 121.58153033  25.06901790   54.073
2017302 121.58153034  25.06901790   54.074
2017303 121.58153031  25.06901790   54.083
2017304 121.58153030  25.06901788   54.079
