2016306 121.91979374  25.11218914   42.672
2016307 121.91979374  25.11218912   42.678
2016308 121.91979375  25.11218915   42.688
2016309 121.91979377  25.11218913   42.678
2016310 121.91979374  25.11218910   42.686
2016311 121.91979370  25.11218914   42.677
2016312 121.91979372  25.11218912   42.680
2016313 121.91979371  25.11218912   42.680
2016314 121.91979371  25.11218914   42.683
2016315 121.91979372  25.11218915   42.684
2016316 121.91979370  25.11218915   42.687
2016317 121.91979377  25.11218911   42.679
2016318 121.91979376  25.11218913   42.677
2016319 121.91979379  25.11218910   42.672
2016320 121.91979379  25.11218910   42.679
2016321 121.91979377  25.11218912   42.686
2016322 121.91979374  25.11218918   42.669
2016323 121.91979377  25.11218916   42.686
2016324 121.91979375  25.11218914   42.671
2016325 121.91979379  25.11218913   42.678
2016326 121.91979375  25.11218915   42.669
2016327 121.91979378  25.11218914   42.685
2016328 121.91979374  25.11218911   42.683
2016329 121.91979373  25.11218913   42.676
2016330 121.91979371  25.11218915   42.665
2016331 121.91979379  25.11218912   42.676
2016332 121.91979375  25.11218914   42.687
2016333 121.91979379  25.11218914   42.677
2016334 121.91979379  25.11218915   42.674
2016335 121.91979378  25.11218913   42.673
2016336 121.91979378  25.11218913   42.677
2016337 121.91979379  25.11218913   42.671
2016338 121.91979379  25.11218915   42.682
2016339 121.91979382  25.11218915   42.673
2016340 121.91979379  25.11218916   42.674
2016341 121.91979379  25.11218917   42.680
2016342 121.91979375  25.11218914   42.692
2016343 121.91979375  25.11218912   42.683
2016344 121.91979375  25.11218913   42.679
2016345 121.91979373  25.11218915   42.671
2016346 121.91979378  25.11218914   42.671
2016347 121.91979383  25.11218911   42.672
2016348 121.91979379  25.11218913   42.670
2016349 121.91979377  25.11218915   42.675
2016350 121.91979372  25.11218910   42.679
2016351 121.91979374  25.11218910   42.680
2016352 121.91979371  25.11218910   42.678
2016353 121.91979372  25.11218912   42.669
2016354 121.91979373  25.11218910   42.667
2016355 121.91979377  25.11218918   42.666
2016356 121.91979371  25.11218913   42.681
2016357 121.91979380  25.11218913   42.675
2016358 121.91979379  25.11218915   42.686
2016359 121.91979378  25.11218915   42.684
2016360 121.91979379  25.11218915   42.662
2016361 121.91979382  25.11218912   42.675
2016362 121.91979378  25.11218911   42.682
2016363 121.91979373  25.11218908   42.688
2016364 121.91979373  25.11218909   42.681
2016365 121.91979376  25.11218910   42.682
2016366 121.91979375  25.11218907   42.678
2017001 121.91979373  25.11218913   42.670
2017002 121.91979377  25.11218910   42.680
2017003 121.91979376  25.11218910   42.671
2017004 121.91979376  25.11218910   42.680
2017005 121.91979378  25.11218912   42.669
2017006 121.91979381  25.11218910   42.670
2017007 121.91979378  25.11218911   42.670
2017008 121.91979378  25.11218912   42.677
2017009 121.91979379  25.11218912   42.676
2017010 121.91979381  25.11218913   42.673
2017011 121.91979381  25.11218912   42.686
2017012 121.91979384  25.11218912   42.681
2017013 121.91979381  25.11218912   42.677
2017014 121.91979380  25.11218910   42.676
2017015 121.91979378  25.11218915   42.682
2017016 121.91979379  25.11218914   42.679
2017017 121.91979380  25.11218913   42.674
2017018 121.91979380  25.11218912   42.676
2017019 121.91979379  25.11218911   42.672
2017020 121.91979379  25.11218911   42.670
2017021 121.91979381  25.11218908   42.672
2017022 121.91979378  25.11218912   42.676
2017023 121.91979379  25.11218910   42.676
2017024 121.91979380  25.11218910   42.676
2017025 121.91979376  25.11218908   42.678
2017026 121.91979376  25.11218908   42.677
2017027 121.91979380  25.11218909   42.685
2017028 121.91979373  25.11218910   42.678
2017029 121.91979379  25.11218908   42.678
2017030 121.91979376  25.11218909   42.674
2017031 121.91979385  25.11218912   42.681
2017032 121.91979379  25.11218910   42.676
2017033 121.91979378  25.11218908   42.679
2017034 121.91979375  25.11218910   42.683
2017035 121.91979377  25.11218908   42.676
2017036 121.91979384  25.11218911   42.675
2017037 121.91979378  25.11218909   42.678
2017038 121.91979378  25.11218909   42.681
2017039 121.91979380  25.11218909   42.668
2017040 121.91979381  25.11218911   42.678
2017041 121.91979383  25.11218911   42.678
2017042 121.91979380  25.11218912   42.681
2017043 121.91979379  25.11218906   42.674
2017044 121.91979378  25.11218909   42.680
2017045 121.91979377  25.11218910   42.675
2017046 121.91979379  25.11218909   42.668
2017047 121.91979380  25.11218908   42.672
2017048 121.91979383  25.11218906   42.672
2017049 121.91979378  25.11218908   42.675
2017050 121.91979385  25.11218912   42.668
2017051 121.91979381  25.11218908   42.669
2017052 121.91979386  25.11218912   42.672
2017053 121.91979389  25.11218912   42.677
2017054 121.91979383  25.11218914   42.673
2017055 121.91979384  25.11218913   42.676
2017056 121.91979384  25.11218914   42.660
2017057 121.91979386  25.11218913   42.678
2017058 121.91979385  25.11218912   42.669
2017059 121.91979381  25.11218910   42.670
2017060 121.91979382  25.11218908   42.687
2017061 121.91979381  25.11218909   42.680
2017062 121.91979381  25.11218910   42.677
2017063 121.91979380  25.11218907   42.672
2017064 121.91979379  25.11218909   42.671
2017065 121.91979379  25.11218909   42.675
2017066 121.91979380  25.11218908   42.679
2017067 121.91979387  25.11218912   42.676
2017068 121.91979386  25.11218914   42.677
2017069 121.91979388  25.11218910   42.678
2017070 121.91979385  25.11218913   42.675
2017071 121.91979391  25.11218913   42.666
2017072 121.91979389  25.11218912   42.664
2017073 121.91979381  25.11218909   42.684
2017074 121.91979382  25.11218909   42.678
2017075 121.91979382  25.11218910   42.675
2017076 121.91979382  25.11218907   42.676
2017077 121.91979382  25.11218908   42.674
2017078 121.91979387  25.11218913   42.667
2017079 121.91979390  25.11218909   42.670
2017080 121.91979383  25.11218907   42.674
2017081 121.91979383  25.11218909   42.674
2017082 121.91979383  25.11218911   42.675
2017083 121.91979384  25.11218907   42.673
2017084 121.91979383  25.11218909   42.672
2017085 121.91979383  25.11218907   42.674
2017086 121.91979380  25.11218912   42.672
2017087 121.91979388  25.11218911   42.669
2017088 121.91979391  25.11218910   42.673
2017089 121.91979392  25.11218909   42.676
2017090 121.91979387  25.11218911   42.672
2017091 121.91979391  25.11218907   42.670
2017092 121.91979389  25.11218910   42.673
2017093 121.91979387  25.11218909   42.675
2017094 121.91979385  25.11218908   42.672
2017095 121.91979392  25.11218907   42.675
2017096 121.91979385  25.11218907   42.679
2017097 121.91979386  25.11218907   42.673
2017098 121.91979388  25.11218908   42.670
2017099 121.91979383  25.11218909   42.661
2017100 121.91979384  25.11218907   42.675
2017101 121.91979396  25.11218914   42.679
2017102 121.91979388  25.11218911   42.676
2017103 121.91979390  25.11218910   42.675
2017104 121.91979388  25.11218913   42.673
2017105 121.91979393  25.11218908   42.668
2017106 121.91979391  25.11218911   42.658
2017107 121.91979397  25.11218912   42.670
2017108 121.91979393  25.11218908   42.659
2017109 121.91979392  25.11218913   42.666
2017110 121.91979387  25.11218905   42.665
2017111 121.91979391  25.11218912   42.676
2017112 121.91979390  25.11218911   42.676
2017113 121.91979392  25.11218912   42.678
2017114 121.91979393  25.11218910   42.672
2017115 121.91979389  25.11218912   42.678
2017116 121.91979394  25.11218910   42.671
2017117 121.91979392  25.11218908   42.681
2017118 121.91979390  25.11218912   42.691
2017119 121.91979392  25.11218913   42.677
2017120 121.91979392  25.11218909   42.676
2017121 121.91979390  25.11218915   42.675
2017122 121.91979393  25.11218908   42.675
2017123 121.91979384  25.11218906   42.670
2017124 121.91979387  25.11218907   42.678
2017125 121.91979386  25.11218907   42.673
2017126 121.91979382  25.11218907   42.674
2017127 121.91979387  25.11218908   42.673
2017128 121.91979376  25.11218909   42.676
2017129 121.91979385  25.11218907   42.667
2017130 121.91979389  25.11218913   42.675
2017131 121.91979393  25.11218911   42.670
2017132 121.91979401  25.11218906   42.664
2017133 121.91979395  25.11218914   42.680
2017134 121.91979394  25.11218909   42.672
2017135 121.91979396  25.11218911   42.675
2017136 121.91979394  25.11218912   42.675
2017137 121.91979392  25.11218915   42.680
2017138 121.91979391  25.11218912   42.671
2017139 121.91979390  25.11218912   42.672
2017140 121.91979397  25.11218907   42.674
2017141 121.91979392  25.11218913   42.691
2017142 121.91979394  25.11218912   42.672
2017143 121.91979391  25.11218909   42.667
2017144 121.91979395  25.11218908   42.672
2017145 121.91979397  25.11218909   42.675
2017146 121.91979393  25.11218913   42.685
2017147 121.91979390  25.11218910   42.668
2017148 121.91979391  25.11218908   42.683
2017149 121.91979394  25.11218910   42.676
2017150 121.91979393  25.11218911   42.681
2017151 121.91979397  25.11218907   42.667
2017152 121.91979396  25.11218908   42.660
2017153 121.91979389  25.11218914   42.656
2017154 121.91979395  25.11218909   42.672
2017155 121.91979398  25.11218913   42.680
2017156 121.91979392  25.11218908   42.676
2017157 121.91979391  25.11218917   42.675
2017158 121.91979391  25.11218910   42.674
2017159 121.91979395  25.11218909   42.673
2017160 121.91979391  25.11218908   42.678
2017161 121.91979394  25.11218907   42.672
2017162 121.91979399  25.11218906   42.684
2017163 121.91979401  25.11218905   42.671
2017164 121.91979406  25.11218905   42.675
2017165 121.91979397  25.11218910   42.673
2017166 121.91979394  25.11218913   42.679
2017167 121.91979396  25.11218908   42.668
2017168 121.91979398  25.11218911   42.676
2017169 121.91979397  25.11218907   42.672
2017170 121.91979399  25.11218911   42.672
2017171 121.91979390  25.11218904   42.670
2017172 121.91979392  25.11218904   42.679
2017173 121.91979395  25.11218907   42.675
2017174 121.91979394  25.11218908   42.683
2017175 121.91979388  25.11218910   42.694
2017176 121.91979393  25.11218905   42.666
2017177 121.91979394  25.11218902   42.671
2017178 121.91979389  25.11218907   42.687
2017179 121.91979392  25.11218905   42.681
2017180 121.91979399  25.11218909   42.674
2017181 121.91979397  25.11218912   42.669
2017182 121.91979402  25.11218910   42.686
2017183 121.91979397  25.11218908   42.670
2017184 121.91979401  25.11218913   42.662
2017185 121.91979402  25.11218904   42.672
2017186 121.91979396  25.11218908   42.669
2017187 121.91979391  25.11218906   42.676
2017188 121.91979392  25.11218906   42.677
2017189 121.91979395  25.11218905   42.672
2017190 121.91979395  25.11218902   42.667
2017191 121.91979398  25.11218908   42.675
2017192 121.91979405  25.11218906   42.665
2017193 121.91979395  25.11218907   42.685
2017194 121.91979397  25.11218905   42.658
2017195 121.91979399  25.11218909   42.660
2017196 121.91979397  25.11218913   42.660
2017197 121.91979402  25.11218908   42.671
2017198 121.91979402  25.11218904   42.678
2017199 121.91979398  25.11218905   42.675
2017200 121.91979396  25.11218903   42.675
2017201 121.91979397  25.11218901   42.680
2017202 121.91979394  25.11218905   42.670
2017203 121.91979394  25.11218908   42.658
2017204 121.91979398  25.11218905   42.679
2017205 121.91979396  25.11218903   42.672
2017206 121.91979395  25.11218902   42.673
2017207 121.91979394  25.11218904   42.689
2017208 121.91979393  25.11218904   42.672
2017209 121.91979401  25.11218907   42.663
2017210 121.91979403  25.11218908   42.671
2017211 121.91979405  25.11218910   42.667
2017212 121.91979405  25.11218909   42.676
2017213 121.91979405  25.11218908   42.667
2017214 121.91979408  25.11218910   42.663
2017215 121.91979397  25.11218903   42.671
2017216 121.91979396  25.11218906   42.674
2017217 121.91979398  25.11218907   42.670
2017218 121.91979399  25.11218904   42.683
2017219 121.91979400  25.11218905   42.674
2017220 121.91979396  25.11218904   42.681
2017221 121.91979400  25.11218903   42.674
2017222 121.91979396  25.11218905   42.678
2017223 121.91979405  25.11218903   42.671
2017224 121.91979397  25.11218906   42.676
2017225 121.91979401  25.11218907   42.671
2017226 121.91979404  25.11218910   42.687
2017227 121.91979400  25.11218903   42.673
2017228 121.91979404  25.11218904   42.657
2017229 121.91979398  25.11218902   42.671
2017230 121.91979399  25.11218901   42.670
2017231 121.91979392  25.11218903   42.665
2017232 121.91979403  25.11218910   42.675
2017233 121.91979406  25.11218909   42.679
2017234 121.91979398  25.11218907   42.680
2017235 121.91979393  25.11218903   42.661
2017236 121.91979397  25.11218904   42.674
2017237 121.91979397  25.11218907   42.670
2017238 121.91979400  25.11218905   42.668
2017239 121.91979400  25.11218901   42.666
2017240 121.91979399  25.11218902   42.682
2017241 121.91979399  25.11218899   42.672
2017242 121.91979404  25.11218905   42.672
2017243 121.91979404  25.11218909   42.669
2017244 121.91979408  25.11218909   42.672
2017245 121.91979402  25.11218908   42.674
2017246 121.91979408  25.11218905   42.682
2017247 121.91979405  25.11218902   42.670
2017248 121.91979401  25.11218905   42.670
2017249 121.91979406  25.11218908   42.648
2017250 121.91979407  25.11218905   42.665
2017251 121.91979404  25.11218903   42.682
2017252 121.91979406  25.11218907   42.662
2017253 121.91979402  25.11218908   42.665
2017254 121.91979403  25.11218907   42.666
2017255 121.91979405  25.11218906   42.664
2017256 121.91979404  25.11218901   42.678
2017257 121.91979399  25.11218904   42.669
2017258 121.91979407  25.11218899   42.667
2017259 121.91979405  25.11218901   42.669
2017260 121.91979403  25.11218907   42.668
2017261 121.91979403  25.11218908   42.674
2017262 121.91979400  25.11218911   42.663
2017263 121.91979400  25.11218909   42.675
2017264 121.91979405  25.11218906   42.671
2017265 121.91979400  25.11218908   42.669
2017266 121.91979405  25.11218904   42.662
2017267 121.91979405  25.11218905   42.674
2017268 121.91979409  25.11218903   42.668
2017269 121.91979406  25.11218904   42.674
2017270 121.91979408  25.11218903   42.669
2017271 121.91979415  25.11218908   42.680
2017272 121.91979405  25.11218909   42.679
2017273 121.91979403  25.11218905   42.671
2017274 121.91979406  25.11218909   42.661
2017275 121.91979406  25.11218904   42.670
2017276 121.91979406  25.11218903   42.670
2017277 121.91979400  25.11218902   42.670
2017278 121.91979404  25.11218906   42.665
2017279 121.91979406  25.11218903   42.676
2017280 121.91979402  25.11218900   42.678
2017281 121.91979404  25.11218903   42.656
2017282 121.91979406  25.11218904   42.666
2017283 121.91979404  25.11218903   42.667
2017284 121.91979404  25.11218903   42.658
2017285 121.91979402  25.11218902   42.675
2017286 121.91979405  25.11218903   42.682
2017287 121.91979403  25.11218905   42.686
2017288 121.91979406  25.11218904   42.664
2017289 121.91979403  25.11218903   42.670
2017290 121.91979404  25.11218898   42.666
2017291 121.91979406  25.11218900   42.675
2017292 121.91979406  25.11218903   42.674
2017293 121.91979407  25.11218900   42.675
2017294 121.91979408  25.11218901   42.672
2017295 121.91979407  25.11218900   42.669
2017296 121.91979406  25.11218903   42.679
2017297 121.91979406  25.11218905   42.681
2017298 121.91979411  25.11218903   42.679
2017299 121.91979408  25.11218901   42.681
2017300 121.91979406  25.11218900   42.670
2017301 121.91979404  25.11218898   42.673
2017302 121.91979405  25.11218900   42.678
2017303 121.91979403  25.11218900   42.675
2017304 121.91979408  25.11218901   42.672
