2016306 121.85643681  25.11230455  232.976
2016307 121.85643680  25.11230454  232.985
2016308 121.85643682  25.11230458  232.993
2016309 121.85643685  25.11230452  232.984
2016310 121.85643683  25.11230448  232.987
2016311 121.85643678  25.11230449  232.976
2016312 121.85643679  25.11230451  232.975
2016313 121.85643678  25.11230453  232.991
2016314 121.85643677  25.11230456  232.990
2016315 121.85643678  25.11230456  232.987
2016316 121.85643677  25.11230454  232.991
2016317 121.85643683  25.11230452  232.983
2016318 121.85643683  25.11230452  232.973
2016319 121.85643684  25.11230452  232.979
2016320 121.85643683  25.11230453  232.989
2016321 121.85643682  25.11230451  232.988
2016322 121.85643691  25.11230446  232.972
2016323 121.85643684  25.11230455  232.978
2016324 121.85643684  25.11230453  232.971
2016325 121.85643684  25.11230454  232.986
2016326 121.85643681  25.11230456  232.974
2016327 121.85643684  25.11230455  232.994
2016328 121.85643681  25.11230453  232.987
2016329 121.85643680  25.11230455  232.982
2016330 121.85643680  25.11230456  232.978
2016331 121.85643685  25.11230456  232.987
2016332 121.85643680  25.11230456  232.990
2016333 121.85643684  25.11230456  232.989
2016334 121.85643684  25.11230455  232.984
2016335 121.85643682  25.11230454  232.983
2016336 121.85643682  25.11230456  232.976
2016337 121.85643683  25.11230455  232.981
2016338 121.85643685  25.11230456  232.991
2016339 121.85643685  25.11230458  232.977
2016340 121.85643683  25.11230459  232.976
2016341 121.85643683  25.11230460  232.985
2016342 121.85643679  25.11230455  232.990
2016343 121.85643680  25.11230454  232.984
2016344 121.85643677  25.11230452  232.979
2016345 121.85643680  25.11230459  232.976
2016346 121.85643686  25.11230456  232.978
2016347 121.85643686  25.11230454  232.981
2016348 121.85643684  25.11230456  232.978
2016349 121.85643682  25.11230458  232.983
2016350 121.85643677  25.11230454  232.989
2016351 121.85643678  25.11230452  232.987
2016352 121.85643679  25.11230452  232.980
2016353 121.85643686  25.11230449  232.978
2016354 121.85643684  25.11230448  232.976
2016355 121.85643690  25.11230451  232.968
2016356 121.85643680  25.11230454  232.981
2016357 121.85643684  25.11230456  232.975
2016358 121.85643681  25.11230457  232.990
2016359 121.85643683  25.11230456  232.991
2016360 121.85643686  25.11230455  232.965
2016361 121.85643686  25.11230452  232.972
2016362 121.85643684  25.11230453  232.988
2016363 121.85643678  25.11230451  232.996
2016364 121.85643677  25.11230452  232.986
2016365 121.85643679  25.11230452  232.987
2016366 121.85643681  25.11230448  232.984
2017001 121.85643683  25.11230452  232.970
2017002 121.85643681  25.11230452  232.989
2017003 121.85643683  25.11230453  232.980
2017004 121.85643684  25.11230449  232.982
2017005 121.85643683  25.11230453  232.970
2017006 121.85643682  25.11230451  232.974
2017007 121.85643684  25.11230452  232.964
2017008 121.85643681  25.11230453  232.982
2017009 121.85643684  25.11230454  232.982
2017010 121.85643686  25.11230454  232.976
2017011 121.85643685  25.11230453  232.991
2017012 121.85643688  25.11230454  232.992
2017013 121.85643687  25.11230456  232.984
2017014 121.85643686  25.11230453  232.983
2017015 121.85643683  25.11230458  232.988
2017016 121.85643684  25.11230456  232.982
2017017 121.85643688  25.11230455  232.977
2017018 121.85643685  25.11230454  232.985
2017019 121.85643685  25.11230453  232.982
2017020 121.85643686  25.11230454  232.974
2017021 121.85643686  25.11230451  232.980
2017022 121.85643683  25.11230454  232.984
2017023 121.85643685  25.11230453  232.984
2017024 121.85643687  25.11230454  232.986
2017025 121.85643681  25.11230451  232.980
2017026 121.85643680  25.11230449  232.983
2017027 121.85643683  25.11230448  232.989
2017028 121.85643684  25.11230451  232.981
2017029 121.85643683  25.11230449  232.974
2017030 121.85643682  25.11230453  232.980
2017031 121.85643690  25.11230455  232.988
2017032 121.85643684  25.11230453  232.984
2017033 121.85643683  25.11230450  232.990
2017034 121.85643686  25.11230449  232.980
2017035 121.85643683  25.11230448  232.983
2017036 121.85643687  25.11230454  232.986
2017037 121.85643683  25.11230451  232.987
2017038 121.85643683  25.11230450  232.987
2017039 121.85643688  25.11230453  232.976
2017040 121.85643688  25.11230453  232.985
2017041 121.85643688  25.11230453  232.985
2017042 121.85643685  25.11230454  232.988
2017043 121.85643684  25.11230448  232.983
2017044 121.85643683  25.11230451  232.984
2017045 121.85643682  25.11230451  232.984
2017046 121.85643686  25.11230449  232.977
2017047 121.85643685  25.11230449  232.976
2017048 121.85643686  25.11230449  232.979
2017049 121.85643684  25.11230450  232.983
2017050 121.85643692  25.11230453  232.975
2017051 121.85643685  25.11230450  232.973
2017052 121.85643695  25.11230452  232.975
2017053 121.85643693  25.11230453  232.980
2017054 121.85643688  25.11230456  232.986
2017055 121.85643691  25.11230456  232.986
2017056 121.85643690  25.11230457  232.970
2017057 121.85643691  25.11230454  232.983
2017058 121.85643691  25.11230454  232.976
2017059 121.85643688  25.11230453  232.980
2017060 121.85643686  25.11230451  232.991
2017061 121.85643686  25.11230451  232.986
2017062 121.85643689  25.11230451  232.980
2017063 121.85643687  25.11230447  232.971
2017064 121.85643686  25.11230451  232.977
2017065 121.85643685  25.11230451  232.985
2017066 121.85643685  25.11230451  232.983
2017067 121.85643693  25.11230454  232.985
2017068 121.85643692  25.11230457  232.985
2017069 121.85643694  25.11230454  232.986
2017070 121.85643695  25.11230453  232.980
2017071 121.85643698  25.11230453  232.969
2017072 121.85643696  25.11230454  232.974
2017073 121.85643686  25.11230450  232.992
2017074 121.85643688  25.11230452  232.986
2017075 121.85643688  25.11230452  232.985
2017076 121.85643688  25.11230449  232.983
2017077 121.85643688  25.11230450  232.980
2017078 121.85643694  25.11230454  232.973
2017079 121.85643696  25.11230451  232.978
2017080 121.85643688  25.11230449  232.981
2017081 121.85643691  25.11230449  232.978
2017082 121.85643690  25.11230451  232.980
2017083 121.85643691  25.11230448  232.975
2017084 121.85643689  25.11230451  232.981
2017085 121.85643690  25.11230448  232.984
2017086 121.85643691  25.11230451  232.979
2017087 121.85643697  25.11230449  232.974
2017088 121.85643697  25.11230451  232.977
2017089 121.85643698  25.11230450  232.975
2017090 121.85643693  25.11230453  232.986
2017091 121.85643697  25.11230449  232.981
2017092 121.85643694  25.11230450  232.983
2017093 121.85643696  25.11230448  232.984
2017094 121.85643692  25.11230449  232.973
2017095 121.85643700  25.11230449  232.980
2017096 121.85643692  25.11230447  232.979
2017097 121.85643691  25.11230449  232.977
2017098 121.85643692  25.11230450  232.974
2017099 121.85643690  25.11230450  232.971
2017100 121.85643695  25.11230449  232.972
2017101 121.85643701  25.11230455  232.984
2017102 121.85643694  25.11230453  232.986
2017103 121.85643698  25.11230452  232.985
2017104 121.85643696  25.11230453  232.974
2017105 121.85643700  25.11230449  232.966
2017106 121.85643697  25.11230450  232.963
2017107 121.85643706  25.11230455  232.979
2017108 121.85643702  25.11230451  232.972
2017109 121.85643699  25.11230451  232.964
2017110 121.85643694  25.11230448  232.979
2017111 121.85643697  25.11230453  232.984
2017112 121.85643696  25.11230452  232.983
2017113 121.85643699  25.11230452  232.981
2017114 121.85643703  25.11230449  232.975
2017115 121.85643696  25.11230450  232.981
2017116 121.85643701  25.11230451  232.975
2017117 121.85643698  25.11230450  232.987
2017118 121.85643697  25.11230451  232.990
2017119 121.85643699  25.11230453  232.990
2017120 121.85643699  25.11230449  232.983
2017121 121.85643701  25.11230454  232.980
2017122 121.85643700  25.11230448  232.977
2017123 121.85643692  25.11230446  232.975
2017124 121.85643694  25.11230448  232.984
2017125 121.85643690  25.11230446  232.990
2017126 121.85643689  25.11230447  232.979
2017127 121.85643695  25.11230447  232.975
2017128 121.85643684  25.11230451  232.981
2017129 121.85643695  25.11230448  232.983
2017130 121.85643699  25.11230448  232.974
2017131 121.85643702  25.11230451  232.975
2017132 121.85643709  25.11230446  232.969
2017133 121.85643700  25.11230454  232.981
2017134 121.85643703  25.11230448  232.974
2017135 121.85643703  25.11230451  232.986
2017136 121.85643701  25.11230452  232.981
2017137 121.85643697  25.11230456  232.989
2017138 121.85643699  25.11230451  232.976
2017139 121.85643701  25.11230450  232.972
2017140 121.85643706  25.11230447  232.975
2017141 121.85643700  25.11230452  232.994
2017142 121.85643702  25.11230452  232.979
2017143 121.85643699  25.11230449  232.969
2017144 121.85643701  25.11230450  232.985
2017145 121.85643704  25.11230449  232.986
2017146 121.85643697  25.11230454  232.990
2017147 121.85643699  25.11230448  232.976
2017148 121.85643698  25.11230447  232.988
2017149 121.85643704  25.11230449  232.978
2017150 121.85643701  25.11230452  232.983
2017151 121.85643705  25.11230446  232.969
2017152 121.85643704  25.11230447  232.979
2017153 121.85643698  25.11230453  232.961
2017154 121.85643703  25.11230448  232.968
2017155 121.85643704  25.11230453  232.982
2017156 121.85643702  25.11230447  232.979
2017157 121.85643700  25.11230457  232.973
2017158 121.85643698  25.11230450  232.976
2017159 121.85643700  25.11230449  232.979
2017160 121.85643701  25.11230447  232.974
2017161 121.85643701  25.11230447  232.966
2017162 121.85643707  25.11230448  232.981
2017163 121.85643709  25.11230446  232.975
2017164 121.85643713  25.11230446  232.976
2017165 121.85643704  25.11230451  232.979
2017166 121.85643702  25.11230454  232.975
2017167 121.85643704  25.11230449  232.976
2017168 121.85643706  25.11230451  232.979
2017169 121.85643704  25.11230447  232.976
2017170 121.85643707  25.11230451  232.974
2017171 121.85643697  25.11230445  232.969
2017172 121.85643700  25.11230446  232.988
2017173 121.85643701  25.11230449  232.979
2017174 121.85643700  25.11230448  232.984
2017175 121.85643693  25.11230450  232.983
2017176 121.85643697  25.11230446  232.973
2017177 121.85643701  25.11230444  232.971
2017178 121.85643697  25.11230448  232.983
2017179 121.85643699  25.11230445  232.987
2017180 121.85643706  25.11230449  232.978
2017181 121.85643704  25.11230451  232.972
2017182 121.85643713  25.11230447  232.982
2017183 121.85643705  25.11230446  232.969
2017184 121.85643710  25.11230453  232.967
2017185 121.85643711  25.11230443  232.971
2017186 121.85643705  25.11230446  232.972
2017187 121.85643697  25.11230443  232.979
2017188 121.85643702  25.11230445  232.981
2017189 121.85643702  25.11230447  232.978
2017190 121.85643703  25.11230443  232.980
2017191 121.85643704  25.11230448  232.979
2017192 121.85643711  25.11230446  232.976
2017193 121.85643703  25.11230447  232.981
2017194 121.85643703  25.11230445  232.968
2017195 121.85643709  25.11230445  232.958
2017196 121.85643710  25.11230454  232.962
2017197 121.85643710  25.11230452  232.983
2017198 121.85643708  25.11230445  232.974
2017199 121.85643705  25.11230442  232.976
2017200 121.85643703  25.11230442  232.969
2017201 121.85643703  25.11230439  232.978
2017202 121.85643708  25.11230442  232.970
2017203 121.85643711  25.11230443  232.958
2017204 121.85643704  25.11230444  232.972
2017205 121.85643702  25.11230444  232.976
2017206 121.85643703  25.11230445  232.979
2017207 121.85643703  25.11230441  232.976
2017208 121.85643701  25.11230444  232.976
2017209 121.85643709  25.11230448  232.968
2017210 121.85643702  25.11230456  232.982
2017211 121.85643707  25.11230463  232.974
2017212 121.85643713  25.11230446  232.981
2017213 121.85643712  25.11230448  232.970
2017214 121.85643714  25.11230449  232.974
2017215 121.85643705  25.11230444  232.974
2017216 121.85643704  25.11230445  232.972
2017217 121.85643705  25.11230444  232.969
2017218 121.85643708  25.11230442  232.984
2017219 121.85643707  25.11230444  232.975
2017220 121.85643705  25.11230444  232.977
2017221 121.85643707  25.11230442  232.963
2017222 121.85643706  25.11230445  232.973
2017223 121.85643712  25.11230444  232.968
2017224 121.85643706  25.11230447  232.978
2017225 121.85643709  25.11230450  232.971
2017226 121.85643711  25.11230451  232.974
2017227 121.85643709  25.11230444  232.978
2017228 121.85643711  25.11230446  232.967
2017229 121.85643709  25.11230443  232.980
2017230 121.85643712  25.11230439  232.977
2017231 121.85643704  25.11230441  232.961
2017232 121.85643716  25.11230448  232.972
2017233 121.85643712  25.11230451  232.985
2017234 121.85643708  25.11230451  232.982
2017235 121.85643708  25.11230441  232.964
2017236 121.85643709  25.11230440  232.979
2017237 121.85643713  25.11230442  232.968
2017238 121.85643713  25.11230443  232.969
2017239 121.85643711  25.11230440  232.964
2017240 121.85643706  25.11230439  232.976
2017241 121.85643707  25.11230442  232.975
2017242 121.85643714  25.11230449  232.984
2017243 121.85643715  25.11230453  232.986
2017244 121.85643716  25.11230449  232.979
2017245 121.85643714  25.11230446  232.978
2017246 121.85643717  25.11230445  232.974
2017247 121.85643715  25.11230442  232.970
2017248 121.85643712  25.11230440  232.963
2017249 121.85643717  25.11230444  232.962
2017250 121.85643717  25.11230444  232.965
2017251 121.85643713  25.11230443  232.985
2017252 121.85643718  25.11230446  232.970
2017253 121.85643711  25.11230447  232.962
2017254 121.85643716  25.11230441  232.964
2017255 121.85643715  25.11230444  232.970
2017256 121.85643714  25.11230443  232.978
2017257 121.85643716  25.11230444  232.977
2017258 121.85643719  25.11230439  232.960
2017259 121.85643714  25.11230440  232.973
2017260 121.85643710  25.11230446  232.965
2017261 121.85643716  25.11230443  232.969
2017262 121.85643718  25.11230443  232.948
2017263 121.85643711  25.11230446  232.977
2017264 121.85643714  25.11230445  232.970
2017265 121.85643710  25.11230444  232.968
2017266 121.85643716  25.11230439  232.967
2017267 121.85643714  25.11230443  232.978
2017268 121.85643720  25.11230440  232.964
2017269 121.85643716  25.11230444  232.977
2017270 121.85643719  25.11230441  232.971
2017271 121.85643720  25.11230438  232.996
2017272 121.85643714  25.11230446  232.977
2017273 121.85643716  25.11230438  232.980
2017274 121.85643718  25.11230443  232.962
2017275 121.85643716  25.11230444  232.975
2017276 121.85643717  25.11230446  232.979
2017277 121.85643710  25.11230444  232.982
2017278 121.85643715  25.11230442  232.980
2017279 121.85643718  25.11230446  232.993
2017280 121.85643713  25.11230440  232.976
2017281 121.85643714  25.11230445  232.957
2017282 121.85643713  25.11230448  232.962
2017283 121.85643714  25.11230444  232.965
2017284 121.85643714  25.11230440  232.954
2017285 121.85643709  25.11230444  232.989
2017286 121.85643713  25.11230443  232.985
2017287 121.85643711  25.11230445  232.976
2017288 121.85643722  25.11230445  232.973
2017289 121.85643718  25.11230436  232.995
2017290 121.85643715  25.11230442  232.990
2017291 121.85643716  25.11230437  232.979
2017292 121.85643717  25.11230441  232.977
2017293 121.85643719  25.11230438  232.976
2017294 121.85643718  25.11230441  232.980
2017295 121.85643718  25.11230441  232.974
2017296 121.85643716  25.11230446  232.991
2017297 121.85643714  25.11230447  232.984
2017298 121.85643720  25.11230442  232.988
2017299 121.85643716  25.11230441  232.984
2017300 121.85643718  25.11230441  232.981
2017301 121.85643714  25.11230437  232.972
2017302 121.85643713  25.11230440  232.979
2017303 121.85643712  25.11230440  232.985
2017304 121.85643724  25.11230440  232.995
