2016306 121.81444622  25.10768623   79.157
2016307 121.81444621  25.10768623   79.162
2016308 121.81444621  25.10768624   79.181
2016309 121.81444626  25.10768620   79.163
2016310 121.81444621  25.10768619   79.175
2016311 121.81444619  25.10768616   79.139
2016312 121.81444620  25.10768620   79.159
2016313 121.81444619  25.10768622   79.169
2016314 121.81444619  25.10768623   79.171
2016315 121.81444621  25.10768625   79.165
2016316 121.81444618  25.10768622   79.166
2016317 121.81444624  25.10768621   79.163
2016318 121.81444625  25.10768621   79.157
2016319 121.81444626  25.10768621   79.155
2016320 121.81444626  25.10768619   79.167
2016321 121.81444624  25.10768620   79.165
2016322 121.81444630  25.10768613   79.159
2016323 121.81444623  25.10768623   79.153
2016324 121.81444624  25.10768623   79.152
2016325 121.81444626  25.10768623   79.161
2016326 121.81444623  25.10768624   79.154
2016327 121.81444627  25.10768625   79.178
2016328 121.81444623  25.10768621   79.167
2016329 121.81444623  25.10768622   79.159
2016330 121.81444623  25.10768619   79.140
2016331 121.81444626  25.10768623   79.164
2016332 121.81444623  25.10768625   79.168
2016333 121.81444626  25.10768621   79.164
2016334 121.81444627  25.10768623   79.156
2016335 121.81444625  25.10768623   79.157
2016336 121.81444625  25.10768622   79.158
2016337 121.81444627  25.10768621   79.154
2016338 121.81444626  25.10768622   79.167
2016339 121.81444627  25.10768624   79.152
2016340 121.81444625  25.10768625   79.156
2016341 121.81444625  25.10768626   79.160
2016342 121.81444623  25.10768621   79.167
2016343 121.81444623  25.10768621   79.157
2016344 121.81444623  25.10768620   79.157
2016345 121.81444625  25.10768625   79.156
2016346 121.81444628  25.10768619   79.157
2016347 121.81444630  25.10768621   79.158
2016348 121.81444626  25.10768622   79.157
2016349 121.81444625  25.10768625   79.159
2016350 121.81444620  25.10768620   79.166
2016351 121.81444622  25.10768619   79.163
2016352 121.81444622  25.10768616   79.155
2016353 121.81444621  25.10768613   79.143
2016354 121.81444617  25.10768611   79.140
2016355 121.81444631  25.10768611   79.116
2016356 121.81444621  25.10768620   79.159
2016357 121.81444627  25.10768623   79.154
2016358 121.81444626  25.10768624   79.166
2016359 121.81444625  25.10768622   79.164
2016360 121.81444627  25.10768619   79.136
2016361 121.81444629  25.10768621   79.155
2016362 121.81444627  25.10768620   79.166
2016363 121.81444622  25.10768618   79.174
2016364 121.81444620  25.10768619   79.161
2016365 121.81444622  25.10768619   79.163
2016366 121.81444623  25.10768614   79.154
2017001 121.81444622  25.10768618   79.148
2017002 121.81444624  25.10768620   79.166
2017003 121.81444623  25.10768619   79.159
2017004 121.81444624  25.10768616   79.155
2017005 121.81444625  25.10768622   79.151
2017006 121.81444624  25.10768619   79.156
2017007 121.81444626  25.10768620   79.146
2017008 121.81444625  25.10768621   79.164
2017009 121.81444627  25.10768621   79.163
2017010 121.81444629  25.10768622   79.157
2017011 121.81444627  25.10768621   79.168
2017012 121.81444630  25.10768622   79.172
2017013 121.81444628  25.10768624   79.165
2017014 121.81444627  25.10768620   79.163
2017015 121.81444625  25.10768625   79.171
2017016 121.81444626  25.10768623   79.163
2017017 121.81444628  25.10768619   79.156
2017018 121.81444627  25.10768621   79.165
2017019 121.81444627  25.10768621   79.161
2017020 121.81444628  25.10768621   79.154
2017021 121.81444629  25.10768618   79.160
2017022 121.81444626  25.10768621   79.157
2017023 121.81444627  25.10768620   79.160
2017024 121.81444629  25.10768620   79.167
2017025 121.81444624  25.10768618   79.164
2017026 121.81444624  25.10768615   79.155
2017027 121.81444623  25.10768616   79.172
2017028 121.81444624  25.10768616   79.163
2017029 121.81444626  25.10768618   79.160
2017030 121.81444625  25.10768619   79.162
2017031 121.81444633  25.10768621   79.168
2017032 121.81444627  25.10768619   79.161
2017033 121.81444626  25.10768617   79.164
2017034 121.81444626  25.10768615   79.156
2017035 121.81444626  25.10768616   79.163
2017036 121.81444630  25.10768622   79.164
2017037 121.81444626  25.10768618   79.167
2017038 121.81444626  25.10768618   79.163
2017039 121.81444630  25.10768620   79.161
2017040 121.81444631  25.10768620   79.164
2017041 121.81444631  25.10768621   79.163
2017042 121.81444629  25.10768621   79.165
2017043 121.81444627  25.10768616   79.161
2017044 121.81444626  25.10768618   79.165
2017045 121.81444627  25.10768617   79.158
2017046 121.81444629  25.10768616   79.150
2017047 121.81444627  25.10768617   79.159
2017048 121.81444628  25.10768615   79.151
2017049 121.81444627  25.10768617   79.161
2017050 121.81444633  25.10768620   79.161
2017051 121.81444628  25.10768618   79.154
2017052 121.81444636  25.10768617   79.156
2017053 121.81444636  25.10768621   79.162
2017054 121.81444631  25.10768623   79.167
2017055 121.81444635  25.10768624   79.169
2017056 121.81444633  25.10768625   79.154
2017057 121.81444635  25.10768621   79.162
2017058 121.81444633  25.10768620   79.157
2017059 121.81444631  25.10768619   79.161
2017060 121.81444629  25.10768618   79.167
2017061 121.81444630  25.10768618   79.166
2017062 121.81444631  25.10768619   79.163
2017063 121.81444629  25.10768616   79.156
2017064 121.81444630  25.10768619   79.160
2017065 121.81444628  25.10768618   79.164
2017066 121.81444628  25.10768618   79.163
2017067 121.81444636  25.10768621   79.165
2017068 121.81444636  25.10768622   79.164
2017069 121.81444636  25.10768621   79.167
2017070 121.81444635  25.10768620   79.160
2017071 121.81444639  25.10768621   79.147
2017072 121.81444639  25.10768620   79.156
2017073 121.81444629  25.10768618   79.169
2017074 121.81444631  25.10768619   79.165
2017075 121.81444631  25.10768619   79.165
2017076 121.81444631  25.10768616   79.166
2017077 121.81444630  25.10768617   79.162
2017078 121.81444637  25.10768621   79.157
2017079 121.81444638  25.10768618   79.168
2017080 121.81444631  25.10768616   79.160
2017081 121.81444631  25.10768616   79.156
2017082 121.81444632  25.10768619   79.158
2017083 121.81444632  25.10768616   79.158
2017084 121.81444631  25.10768619   79.163
2017085 121.81444633  25.10768615   79.158
2017086 121.81444632  25.10768617   79.152
2017087 121.81444639  25.10768616   79.150
2017088 121.81444640  25.10768619   79.158
2017089 121.81444641  25.10768618   79.158
2017090 121.81444635  25.10768622   79.165
2017091 121.81444640  25.10768617   79.160
2017092 121.81444637  25.10768616   79.158
2017093 121.81444636  25.10768613   79.155
2017094 121.81444633  25.10768616   79.154
2017095 121.81444640  25.10768616   79.159
2017096 121.81444634  25.10768616   79.165
2017097 121.81444634  25.10768617   79.160
2017098 121.81444635  25.10768618   79.153
2017099 121.81444633  25.10768617   79.149
2017100 121.81444633  25.10768617   79.154
2017101 121.81444643  25.10768623   79.163
2017102 121.81444636  25.10768621   79.169
2017103 121.81444639  25.10768619   79.163
2017104 121.81444638  25.10768621   79.155
2017105 121.81444642  25.10768618   79.148
2017106 121.81444639  25.10768619   79.145
2017107 121.81444646  25.10768625   79.163
2017108 121.81444641  25.10768620   79.146
2017109 121.81444641  25.10768620   79.145
2017110 121.81444636  25.10768616   79.159
2017111 121.81444640  25.10768622   79.162
2017112 121.81444639  25.10768620   79.165
2017113 121.81444641  25.10768621   79.161
2017114 121.81444643  25.10768618   79.155
2017115 121.81444638  25.10768620   79.163
2017116 121.81444642  25.10768621   79.163
2017117 121.81444640  25.10768619   79.167
2017118 121.81444639  25.10768621   79.172
2017119 121.81444640  25.10768620   79.164
2017120 121.81444641  25.10768618   79.157
2017121 121.81444639  25.10768623   79.161
2017122 121.81444641  25.10768618   79.159
2017123 121.81444634  25.10768616   79.158
2017124 121.81444636  25.10768618   79.165
2017125 121.81444633  25.10768617   79.169
2017126 121.81444631  25.10768617   79.162
2017127 121.81444636  25.10768617   79.162
2017128 121.81444625  25.10768621   79.163
2017129 121.81444633  25.10768617   79.159
2017130 121.81444637  25.10768617   79.155
2017131 121.81444643  25.10768621   79.155
2017132 121.81444649  25.10768615   79.146
2017133 121.81444642  25.10768623   79.162
2017134 121.81444643  25.10768618   79.158
2017135 121.81444643  25.10768621   79.167
2017136 121.81444641  25.10768622   79.164
2017137 121.81444639  25.10768624   79.163
2017138 121.81444641  25.10768616   79.156
2017139 121.81444639  25.10768618   79.153
2017140 121.81444646  25.10768618   79.150
2017141 121.81444641  25.10768623   79.177
2017142 121.81444642  25.10768621   79.160
2017143 121.81444641  25.10768619   79.154
2017144 121.81444643  25.10768619   79.167
2017145 121.81444644  25.10768620   79.159
2017146 121.81444641  25.10768624   79.168
2017147 121.81444639  25.10768618   79.159
2017148 121.81444640  25.10768617   79.168
2017149 121.81444644  25.10768619   79.162
2017150 121.81444641  25.10768622   79.168
2017151 121.81444645  25.10768618   79.157
2017152 121.81444644  25.10768617   79.150
2017153 121.81444639  25.10768624   79.142
2017154 121.81444645  25.10768620   79.153
2017155 121.81444646  25.10768623   79.170
2017156 121.81444644  25.10768617   79.160
2017157 121.81444641  25.10768628   79.144
2017158 121.81444640  25.10768621   79.158
2017159 121.81444643  25.10768619   79.161
2017160 121.81444643  25.10768618   79.161
2017161 121.81444642  25.10768618   79.151
2017162 121.81444649  25.10768619   79.166
2017163 121.81444650  25.10768615   79.167
2017164 121.81444654  25.10768617   79.154
2017165 121.81444646  25.10768621   79.163
2017166 121.81444643  25.10768623   79.160
2017167 121.81444645  25.10768618   79.160
2017168 121.81444647  25.10768620   79.161
2017169 121.81444645  25.10768617   79.163
2017170 121.81444648  25.10768621   79.162
2017171 121.81444638  25.10768615   79.151
2017172 121.81444639  25.10768616   79.163
2017173 121.81444644  25.10768618   79.162
2017174 121.81444639  25.10768618   79.172
2017175 121.81444635  25.10768621   79.162
2017176 121.81444640  25.10768619   79.159
2017177 121.81444643  25.10768614   79.157
2017178 121.81444638  25.10768619   79.155
2017179 121.81444641  25.10768616   79.171
2017180 121.81444649  25.10768620   79.160
2017181 121.81444648  25.10768621   79.162
2017182 121.81444650  25.10768619   79.178
2017183 121.81444646  25.10768616   79.139
2017184 121.81444649  25.10768623   79.155
2017185 121.81444651  25.10768614   79.153
2017186 121.81444649  25.10768617   79.152
2017187 121.81444641  25.10768613   79.152
2017188 121.81444644  25.10768617   79.167
2017189 121.81444642  25.10768619   79.162
2017190 121.81444645  25.10768613   79.161
2017191 121.81444647  25.10768620   79.166
2017192 121.81444647  25.10768616   79.171
2017193 121.81444645  25.10768617   79.166
2017194 121.81444647  25.10768616   79.146
2017195 121.81444651  25.10768614   79.145
2017196 121.81444651  25.10768617   79.123
2017197 121.81444651  25.10768615   79.142
2017198 121.81444648  25.10768614   79.158
2017199 121.81444646  25.10768615   79.162
2017200 121.81444644  25.10768613   79.157
2017201 121.81444644  25.10768612   79.171
2017202 121.81444649  25.10768607   79.125
2017203 121.81444649  25.10768606   79.126
2017204 121.81444645  25.10768615   79.154
2017205 121.81444643  25.10768614   79.161
2017206 121.81444644  25.10768614   79.159
2017207 121.81444642  25.10768614   79.168
2017208 121.81444645  25.10768611   79.138
2017209 121.81444655  25.10768618   79.136
2017210 121.81444647  25.10768629   79.156
2017211 121.81444654  25.10768636   79.145
2017212 121.81444659  25.10768623   79.165
2017213 121.81444660  25.10768624   79.150
2017214 121.81444661  25.10768626   79.156
2017215 121.81444652  25.10768621   79.153
2017216 121.81444651  25.10768622   79.148
2017217 121.81444651  25.10768621   79.154
2017218 121.81444652  25.10768620   79.166
2017219 121.81444654  25.10768620   79.150
2017220 121.81444651  25.10768619   79.148
2017221 121.81444654  25.10768619   79.158
2017222 121.81444651  25.10768621   79.165
2017223 121.81444659  25.10768620   79.156
2017224 121.81444652  25.10768624   79.151
2017225 121.81444654  25.10768629   79.156
2017226 121.81444658  25.10768628   79.157
2017227 121.81444654  25.10768620   79.150
2017228 121.81444659  25.10768622   79.147
2017229 121.81444652  25.10768619   79.158
2017230 121.81444656  25.10768618   79.148
2017231 121.81444648  25.10768618   79.143
2017232 121.81444657  25.10768625   79.153
2017233 121.81444661  25.10768626   79.134
2017234 121.81444654  25.10768622   79.153
2017235 121.81444649  25.10768616   79.146
2017236 121.81444654  25.10768619   79.165
2017237 121.81444660  25.10768614   79.114
2017238 121.81444661  25.10768615   79.134
2017239 121.81444657  25.10768618   79.146
2017240 121.81444656  25.10768616   79.152
2017241 121.81444652  25.10768615   79.148
2017242 121.81444661  25.10768624   79.149
2017243 121.81444657  25.10768629   79.143
2017244 121.81444662  25.10768628   79.154
2017245 121.81444660  25.10768625   79.153
2017246 121.81444663  25.10768623   79.149
2017247 121.81444660  25.10768619   79.148
2017248 121.81444661  25.10768616   79.126
2017249 121.81444660  25.10768623   79.135
2017250 121.81444663  25.10768622   79.147
2017251 121.81444660  25.10768623   79.169
2017252 121.81444663  25.10768624   79.158
2017253 121.81444658  25.10768625   79.142
2017254 121.81444658  25.10768618   79.151
2017255 121.81444664  25.10768621   79.145
2017256 121.81444659  25.10768620   79.156
2017257 121.81444657  25.10768618   79.157
2017258 121.81444661  25.10768618   79.140
2017259 121.81444658  25.10768619   79.152
2017260 121.81444656  25.10768624   79.150
2017261 121.81444660  25.10768621   79.158
2017262 121.81444661  25.10768619   79.124
2017263 121.81444656  25.10768624   79.159
2017264 121.81444659  25.10768623   79.152
2017265 121.81444654  25.10768622   79.139
2017266 121.81444660  25.10768618   79.153
2017267 121.81444661  25.10768622   79.159
2017268 121.81444664  25.10768619   79.151
2017269 121.81444659  25.10768622   79.153
2017270 121.81444663  25.10768619   79.147
2017271 121.81444661  25.10768613   79.163
2017272 121.81444661  25.10768623   79.147
2017273 121.81444663  25.10768611   79.137
2017274 121.81444662  25.10768622   79.143
2017275 121.81444661  25.10768622   79.149
2017276 121.81444663  25.10768624   79.151
2017277 121.81444654  25.10768622   79.156
2017278 121.81444655  25.10768622   79.153
2017279 121.81444659  25.10768620   79.183
2017280 121.81444661  25.10768612   79.144
2017281 121.81444664  25.10768609   79.134
2017282 121.81444664  25.10768617   79.138
2017283 121.81444663  25.10768613   79.126
2017284 121.81444660  25.10768618   79.114
2017285 121.81444660  25.10768623   79.171
2017286 121.81444661  25.10768621   79.164
2017287 121.81444662  25.10768620   79.145
2017288 121.81444666  25.10768615   79.146
2017289 121.81444660  25.10768611   79.155
2017290 121.81444658  25.10768623   79.174
2017291 121.81444662  25.10768616   79.162
2017292 121.81444662  25.10768619   79.158
2017293 121.81444663  25.10768615   79.155
2017294 121.81444661  25.10768619   79.159
2017295 121.81444663  25.10768619   79.158
2017296 121.81444661  25.10768624   79.162
2017297 121.81444659  25.10768627   79.167
2017298 121.81444665  25.10768619   79.166
2017299 121.81444662  25.10768619   79.163
2017300 121.81444659  25.10768619   79.158
2017301 121.81444659  25.10768615   79.155
2017302 121.81444658  25.10768618   79.161
2017303 121.81444658  25.10768616   79.165
2017304 121.81444659  25.10768609   79.181
