2016306 121.85211393  25.06250735  115.566
2016307 121.85211391  25.06250732  115.570
2016308 121.85211394  25.06250735  115.587
2016309 121.85211394  25.06250733  115.566
2016310 121.85211393  25.06250733  115.583
2016311 121.85211387  25.06250734  115.569
2016312 121.85211390  25.06250731  115.572
2016313 121.85211389  25.06250733  115.574
2016314 121.85211388  25.06250735  115.571
2016315 121.85211389  25.06250737  115.571
2016316 121.85211387  25.06250735  115.577
2016317 121.85211394  25.06250732  115.573
2016318 121.85211393  25.06250734  115.576
2016319 121.85211395  25.06250731  115.564
2016320 121.85211397  25.06250729  115.574
2016321 121.85211393  25.06250732  115.575
2016322 121.85211397  25.06250729  115.597
2016323 121.85211393  25.06250733  115.600
2016324 121.85211393  25.06250733  115.576
2016325 121.85211395  25.06250734  115.572
2016326 121.85211392  25.06250737  115.562
2016327 121.85211399  25.06250735  115.585
2016328 121.85211393  25.06250734  115.566
2016329 121.85211393  25.06250734  115.572
2016330 121.85211388  25.06250737  115.564
2016331 121.85211394  25.06250735  115.575
2016332 121.85211394  25.06250735  115.570
2016333 121.85211395  25.06250735  115.567
2016334 121.85211395  25.06250736  115.566
2016335 121.85211394  25.06250734  115.561
2016336 121.85211395  25.06250734  115.563
2016337 121.85211396  25.06250734  115.559
2016338 121.85211394  25.06250734  115.569
2016339 121.85211395  25.06250735  115.562
2016340 121.85211395  25.06250735  115.566
2016341 121.85211396  25.06250737  115.558
2016342 121.85211394  25.06250732  115.586
2016343 121.85211392  25.06250731  115.563
2016344 121.85211392  25.06250733  115.565
2016345 121.85211392  25.06250733  115.550
2016346 121.85211397  25.06250735  115.566
2016347 121.85211403  25.06250729  115.564
2016348 121.85211391  25.06250734  115.552
2016349 121.85211394  25.06250736  115.564
2016350 121.85211392  25.06250729  115.587
2016351 121.85211393  25.06250730  115.584
2016352 121.85211390  25.06250731  115.574
2016353 121.85211388  25.06250730  115.576
2016354 121.85211391  25.06250728  115.582
2016355 121.85211396  25.06250737  115.570
2016356 121.85211392  25.06250729  115.600
2016357 121.85211397  25.06250732  115.580
2016358 121.85211395  25.06250736  115.570
2016359 121.85211394  25.06250735  115.586
2016360 121.85211396  25.06250735  115.574
2016361 121.85211400  25.06250728  115.587
2016362 121.85211396  25.06250731  115.567
2016363 121.85211395  25.06250726  115.602
2016364 121.85211390  25.06250729  115.573
2016365 121.85211389  25.06250731  115.571
2016366 121.85211390  25.06250728  115.570
2017001 121.85211390  25.06250732  115.580
2017002 121.85211393  25.06250729  115.571
2017003 121.85211393  25.06250730  115.565
2017004 121.85211392  25.06250731  115.573
2017005 121.85211393  25.06250731  115.562
2017006 121.85211394  25.06250729  115.566
2017007 121.85211396  25.06250732  115.563
2017008 121.85211395  25.06250731  115.571
2017009 121.85211395  25.06250733  115.571
2017010 121.85211397  25.06250733  115.560
2017011 121.85211396  25.06250731  115.583
2017012 121.85211403  25.06250730  115.593
2017013 121.85211397  25.06250735  115.574
2017014 121.85211397  25.06250731  115.571
2017015 121.85211395  25.06250737  115.571
2017016 121.85211399  25.06250732  115.591
2017017 121.85211396  25.06250733  115.571
2017018 121.85211396  25.06250733  115.567
2017019 121.85211396  25.06250733  115.568
2017020 121.85211397  25.06250732  115.561
2017021 121.85211401  25.06250725  115.587
2017022 121.85211395  25.06250733  115.562
2017023 121.85211400  25.06250728  115.584
2017024 121.85211400  25.06250731  115.571
2017025 121.85211396  25.06250729  115.578
2017026 121.85211393  25.06250727  115.571
2017027 121.85211393  25.06250728  115.576
2017028 121.85211393  25.06250729  115.584
2017029 121.85211395  25.06250729  115.575
2017030 121.85211395  25.06250731  115.564
2017031 121.85211406  25.06250731  115.584
2017032 121.85211397  25.06250732  115.569
2017033 121.85211395  25.06250729  115.570
2017034 121.85211396  25.06250728  115.571
2017035 121.85211396  25.06250727  115.575
2017036 121.85211400  25.06250732  115.563
2017037 121.85211398  25.06250728  115.576
2017038 121.85211399  25.06250728  115.580
2017039 121.85211401  25.06250729  115.570
2017040 121.85211399  25.06250731  115.572
2017041 121.85211413  25.06250726  115.597
2017042 121.85211397  25.06250732  115.565
2017043 121.85211399  25.06250725  115.577
2017044 121.85211394  25.06250730  115.571
2017045 121.85211406  25.06250725  115.600
2017046 121.85211397  25.06250727  115.572
2017047 121.85211401  25.06250726  115.588
2017048 121.85211399  25.06250725  115.571
2017049 121.85211396  25.06250729  115.566
2017050 121.85211401  25.06250732  115.574
2017051 121.85211397  25.06250728  115.564
2017052 121.85211405  25.06250730  115.565
2017053 121.85211405  25.06250731  115.572
2017054 121.85211401  25.06250733  115.577
2017055 121.85211404  25.06250733  115.579
2017056 121.85211405  25.06250733  115.563
2017057 121.85211403  25.06250734  115.566
2017058 121.85211402  25.06250732  115.565
2017059 121.85211398  25.06250731  115.567
2017060 121.85211403  25.06250726  115.583
2017061 121.85211400  25.06250728  115.569
2017062 121.85211404  25.06250728  115.578
2017063 121.85211399  25.06250726  115.563
2017064 121.85211398  25.06250728  115.563
2017065 121.85211397  25.06250729  115.572
2017066 121.85211396  25.06250729  115.569
2017067 121.85211406  25.06250732  115.568
2017068 121.85211404  25.06250734  115.574
2017069 121.85211409  25.06250730  115.584
2017070 121.85211404  25.06250732  115.569
2017071 121.85211409  25.06250731  115.562
2017072 121.85211407  25.06250730  115.566
2017073 121.85211400  25.06250727  115.582
2017074 121.85211399  25.06250729  115.574
2017075 121.85211399  25.06250729  115.572
2017076 121.85211399  25.06250727  115.570
2017077 121.85211399  25.06250728  115.565
2017078 121.85211408  25.06250731  115.578
2017079 121.85211409  25.06250727  115.575
2017080 121.85211402  25.06250726  115.574
2017081 121.85211402  25.06250726  115.571
2017082 121.85211403  25.06250729  115.569
2017083 121.85211402  25.06250725  115.567
2017084 121.85211401  25.06250729  115.565
2017085 121.85211401  25.06250728  115.563
2017086 121.85211401  25.06250729  115.581
2017087 121.85211409  25.06250728  115.589
2017088 121.85211407  25.06250730  115.571
2017089 121.85211409  25.06250728  115.576
2017090 121.85211405  25.06250731  115.568
2017091 121.85211408  25.06250730  115.561
2017092 121.85211408  25.06250728  115.577
2017093 121.85211408  25.06250725  115.594
2017094 121.85211403  25.06250727  115.572
2017095 121.85211410  25.06250726  115.578
2017096 121.85211411  25.06250720  115.611
2017097 121.85211405  25.06250725  115.584
2017098 121.85211404  25.06250727  115.567
2017099 121.85211403  25.06250725  115.575
2017100 121.85211403  25.06250727  115.554
2017101 121.85211418  25.06250731  115.597
2017102 121.85211409  25.06250731  115.579
2017103 121.85211409  25.06250730  115.570
2017104 121.85211406  25.06250732  115.569
2017105 121.85211414  25.06250727  115.575
2017106 121.85211408  25.06250730  115.559
2017107 121.85211416  25.06250732  115.572
2017108 121.85211416  25.06250728  115.569
2017109 121.85211407  25.06250731  115.568
2017110 121.85211404  25.06250726  115.563
2017111 121.85211414  25.06250732  115.579
2017112 121.85211406  25.06250731  115.570
2017113 121.85211409  25.06250732  115.572
2017114 121.85211412  25.06250730  115.571
2017115 121.85211408  25.06250730  115.575
2017116 121.85211416  25.06250729  115.581
2017117 121.85211414  25.06250727  115.587
2017118 121.85211411  25.06250731  115.587
2017119 121.85211411  25.06250731  115.576
2017120 121.85211411  25.06250726  115.579
2017121 121.85211413  25.06250731  115.587
2017122 121.85211410  25.06250728  115.568
2017123 121.85211403  25.06250727  115.562
2017124 121.85211406  25.06250725  115.574
2017125 121.85211406  25.06250727  115.593
2017126 121.85211401  25.06250727  115.569
2017127 121.85211408  25.06250726  115.577
2017128 121.85211393  25.06250726  115.583
2017129 121.85211403  25.06250729  115.565
2017130 121.85211406  25.06250732  115.578
2017131 121.85211413  25.06250730  115.565
2017132 121.85211417  25.06250727  115.573
2017133 121.85211411  25.06250732  115.590
2017134 121.85211413  25.06250730  115.576
2017135 121.85211413  25.06250731  115.582
2017136 121.85211410  25.06250732  115.572
2017137 121.85211409  25.06250734  115.578
2017138 121.85211410  25.06250732  115.563
2017139 121.85211408  25.06250732  115.572
2017140 121.85211415  25.06250728  115.573
2017141 121.85211413  25.06250733  115.588
2017142 121.85211413  25.06250731  115.567
2017143 121.85211409  25.06250730  115.561
2017144 121.85211412  25.06250731  115.568
2017145 121.85211412  25.06250730  115.565
2017146 121.85211411  25.06250735  115.585
2017147 121.85211408  25.06250730  115.567
2017148 121.85211408  25.06250729  115.581
2017149 121.85211414  25.06250731  115.573
2017150 121.85211412  25.06250730  115.577
2017151 121.85211415  25.06250726  115.570
2017152 121.85211414  25.06250727  115.572
2017153 121.85211419  25.06250730  115.596
2017154 121.85211414  25.06250731  115.561
2017155 121.85211415  25.06250734  115.572
2017156 121.85211413  25.06250727  115.575
2017157 121.85211414  25.06250734  115.566
2017158 121.85211407  25.06250730  115.566
2017159 121.85211414  25.06250728  115.576
2017160 121.85211409  25.06250727  115.571
2017161 121.85211455  25.06250720  115.633
2017162 121.85211416  25.06250725  115.596
2017163 121.85211423  25.06250722  115.583
2017164 121.85211423  25.06250725  115.574
2017165 121.85211416  25.06250729  115.571
2017166 121.85211412  25.06250733  115.572
2017167 121.85211414  25.06250729  115.567
2017168 121.85211422  25.06250728  115.575
2017169 121.85211415  25.06250726  115.564
2017170 121.85211418  25.06250731  115.577
2017171 121.85211408  25.06250724  115.562
2017172 121.85211408  25.06250724  115.579
2017173 121.85211413  25.06250726  115.579
2017174 121.85211411  25.06250726  115.610
2017175 121.85211408  25.06250728  115.592
2017176 121.85211412  25.06250723  115.589
2017177 121.85211410  25.06250722  115.568
2017178 121.85211408  25.06250723  115.586
2017179 121.85211415  25.06250722  115.601
2017180 121.85211418  25.06250726  115.583
2017181 121.85211422  25.06250727  115.595
2017182 121.85211427  25.06250725  115.606
2017183 121.85211413  25.06250727  115.577
2017184 121.85211423  25.06250728  115.587
2017185 121.85211421  25.06250724  115.570
2017186 121.85211415  25.06250728  115.582
2017187 121.85211406  25.06250725  115.571
2017188 121.85211412  25.06250726  115.580
2017189 121.85211417  25.06250725  115.590
2017190 121.85211413  25.06250723  115.575
2017191 121.85211421  25.06250726  115.587
2017192 121.85211426  25.06250724  115.577
2017193 121.85211413  25.06250728  115.577
2017194 121.85211413  25.06250725  115.570
2017195 121.85211419  25.06250726  115.580
2017196 121.85211413  25.06250727  115.578
2017197 121.85211417  25.06250723  115.585
2017198 121.85211415  25.06250726  115.581
2017199 121.85211413  25.06250724  115.580
2017200 121.85211411  25.06250723  115.573
2017201 121.85211414  25.06250720  115.582
2017202 121.85211409  25.06250722  115.584
2017203 121.85211409  25.06250730  115.577
2017204 121.85211413  25.06250725  115.573
2017205 121.85211410  25.06250723  115.572
2017206 121.85211413  25.06250723  115.571
2017207 121.85211410  25.06250722  115.580
2017208 121.85211406  25.06250726  115.564
2017209 121.85211418  25.06250730  115.543
2017210 121.85211411  25.06250718  115.566
2017211 121.85211421  25.06250719  115.546
2017212 121.85211424  25.06250726  115.601
2017213 121.85211419  25.06250730  115.560
2017214 121.85211426  25.06250729  115.584
2017215 121.85211415  25.06250726  115.580
2017216 121.85211410  25.06250725  115.565
2017217 121.85211410  25.06250724  115.564
2017218 121.85211422  25.06250720  115.607
2017219 121.85211417  25.06250724  115.568
2017220 121.85211418  25.06250722  115.578
2017221 121.85211417  25.06250723  115.572
2017222 121.85211413  25.06250727  115.564
2017223 121.85211423  25.06250722  115.565
2017224 121.85211421  25.06250724  115.592
2017225 121.85211418  25.06250730  115.563
2017226 121.85211419  25.06250732  115.581
2017227 121.85211418  25.06250724  115.576
2017228 121.85211424  25.06250724  115.563
2017229 121.85211413  25.06250724  115.579
2017230 121.85211414  25.06250723  115.563
2017231 121.85211408  25.06250724  115.570
2017232 121.85211417  25.06250730  115.579
2017233 121.85211420  25.06250727  115.568
2017234 121.85211412  25.06250727  115.596
2017235 121.85211411  25.06250723  115.577
2017236 121.85211413  25.06250725  115.577
2017237 121.85211411  25.06250728  115.573
2017238 121.85211445  25.06250719  115.623
2017239 121.85211417  25.06250724  115.567
2017240 121.85211416  25.06250721  115.595
2017241 121.85211414  25.06250718  115.559
2017242 121.85211434  25.06250722  115.592
2017243 121.85211420  25.06250728  115.553
2017244 121.85211425  25.06250731  115.560
2017245 121.85211423  25.06250726  115.588
2017246 121.85211426  25.06250721  115.585
2017247 121.85211423  25.06250722  115.581
2017248 121.85211417  25.06250728  115.559
2017249 121.85211424  25.06250728  115.569
2017250 121.85211424  25.06250724  115.575
2017251 121.85211423  25.06250723  115.584
2017252 121.85211425  25.06250731  115.570
2017253 121.85211420  25.06250731  115.563
2017254 121.85211420  25.06250730  115.562
2017255 121.85211429  25.06250726  115.551
2017256 121.85211421  25.06250723  115.564
2017257 121.85211426  25.06250720  115.574
2017258 121.85211426  25.06250720  115.570
2017259 121.85211418  25.06250724  115.572
2017260 121.85211417  25.06250728  115.566
2017261 121.85211419  25.06250728  115.583
2017262 121.85211417  25.06250729  115.569
2017263 121.85211420  25.06250729  115.582
2017264 121.85211420  25.06250728  115.565
2017265 121.85211417  25.06250730  115.581
2017266 121.85211421  25.06250725  115.563
2017267 121.85211421  25.06250726  115.569
2017268 121.85211427  25.06250724  115.550
2017269 121.85211422  25.06250726  115.568
2017270 121.85211428  25.06250722  115.579
2017271 121.85211421  25.06250730  115.589
2017272 121.85211423  25.06250732  115.554
2017273 121.85211424  25.06250723  115.597
2017274 121.85211430  25.06250725  115.579
2017275 121.85211431  25.06250722  115.591
2017276 121.85211444  25.06250715  115.607
2017277 121.85211419  25.06250722  115.559
2017278 121.85211424  25.06250732  115.562
2017279 121.85211431  25.06250723  115.596
2017280 121.85211422  25.06250721  115.547
2017281 121.85211420  25.06250722  115.546
2017282 121.85211421  25.06250725  115.553
2017283 121.85211428  25.06250726  115.552
2017284 121.85211423  25.06250723  115.538
2017285 121.85211423  25.06250719  115.569
2017286 121.85211422  25.06250723  115.567
2017287 121.85211422  25.06250727  115.571
2017288 121.85211425  25.06250724  115.584
2017289 121.85211423  25.06250722  115.592
2017290 121.85211431  25.06250709  115.573
2017291 121.85211424  25.06250724  115.567
2017292 121.85211426  25.06250725  115.563
2017293 121.85211424  25.06250725  115.556
2017294 121.85211423  25.06250729  115.567
2017295 121.85211426  25.06250724  115.565
2017296 121.85211424  25.06250725  115.574
2017297 121.85211431  25.06250721  115.583
2017298 121.85211428  25.06250725  115.573
2017299 121.85211423  25.06250723  115.570
2017300 121.85211426  25.06250723  115.560
2017301 121.85211419  25.06250722  115.561
2017302 121.85211422  25.06250721  115.571
2017303 121.85211420  25.06250721  115.570
2017304 121.85211421  25.06250719  115.574
