2016306 121.92500047  25.05532715   46.708
2016307 121.92500048  25.05532714   46.713
2016308 121.92500048  25.05532717   46.728
2016309 121.92500050  25.05532715   46.710
2016310 121.92500047  25.05532714   46.722
2016311 121.92500044  25.05532715   46.717
2016312 121.92500045  25.05532713   46.713
2016313 121.92500044  25.05532714   46.715
2016314 121.92500044  25.05532716   46.718
2016315 121.92500046  25.05532717   46.717
2016316 121.92500044  25.05532716   46.722
2016317 121.92500049  25.05532714   46.715
2016318 121.92500048  25.05532715   46.713
2016319 121.92500051  25.05532713   46.707
2016320 121.92500051  25.05532712   46.716
2016321 121.92500049  25.05532714   46.721
2016322 121.92500051  25.05532712   46.718
2016323 121.92500050  25.05532716   46.739
2016324 121.92500048  25.05532719   46.716
2016325 121.92500051  25.05532715   46.715
2016326 121.92500048  25.05532718   46.706
2016327 121.92500050  25.05532716   46.727
2016328 121.92500048  25.05532713   46.718
2016329 121.92500047  25.05532714   46.714
2016330 121.92500047  25.05532717   46.708
2016331 121.92500052  25.05532714   46.717
2016332 121.92500048  25.05532716   46.715
2016333 121.92500052  25.05532716   46.714
2016334 121.92500053  25.05532717   46.715
2016335 121.92500051  25.05532714   46.703
2016336 121.92500049  25.05532714   46.709
2016337 121.92500052  25.05532713   46.707
2016338 121.92500051  25.05532716   46.716
2016339 121.92500054  25.05532716   46.712
2016340 121.92500051  25.05532716   46.703
2016341 121.92500051  25.05532718   46.711
2016342 121.92500047  25.05532714   46.722
2016343 121.92500049  25.05532712   46.714
2016344 121.92500048  25.05532714   46.718
2016345 121.92500047  25.05532715   46.702
2016346 121.92500053  25.05532716   46.707
2016347 121.92500055  25.05532712   46.708
2016348 121.92500051  25.05532714   46.708
2016349 121.92500049  25.05532717   46.711
2016350 121.92500045  25.05532712   46.716
2016351 121.92500048  25.05532711   46.714
2016352 121.92500047  25.05532711   46.718
2016353 121.92500048  25.05532710   46.718
2016354 121.92500046  25.05532711   46.713
2016355 121.92500054  25.05532718   46.723
2016356 121.92500042  25.05532716   46.723
2016357 121.92500053  25.05532714   46.709
2016358 121.92500051  25.05532716   46.722
2016359 121.92500050  25.05532716   46.724
2016360 121.92500054  25.05532716   46.715
2016361 121.92500053  25.05532713   46.711
2016362 121.92500053  25.05532712   46.710
2016363 121.92500046  25.05532710   46.721
2016364 121.92500046  25.05532710   46.716
2016365 121.92500047  25.05532711   46.717
2016366 121.92500048  25.05532708   46.717
2017001 121.92500047  25.05532713   46.723
2017002 121.92500048  25.05532711   46.719
2017003 121.92500049  25.05532711   46.708
2017004 121.92500048  25.05532713   46.718
2017005 121.92500049  25.05532714   46.707
2017006 121.92500052  25.05532713   46.710
2017007 121.92500050  25.05532713   46.702
2017008 121.92500049  25.05532713   46.711
2017009 121.92500051  25.05532714   46.713
2017010 121.92500053  25.05532713   46.707
2017011 121.92500053  25.05532712   46.720
2017012 121.92500057  25.05532714   46.719
2017013 121.92500054  25.05532715   46.714
2017014 121.92500053  25.05532711   46.712
2017015 121.92500051  25.05532716   46.716
2017016 121.92500051  25.05532714   46.715
2017017 121.92500054  25.05532713   46.716
2017018 121.92500053  25.05532713   46.715
2017019 121.92500052  25.05532713   46.711
2017020 121.92500054  25.05532713   46.706
2017021 121.92500054  25.05532710   46.709
2017022 121.92500052  25.05532713   46.710
2017023 121.92500054  25.05532711   46.709
2017024 121.92500054  25.05532711   46.715
2017025 121.92500051  25.05532710   46.715
2017026 121.92500049  25.05532708   46.715
2017027 121.92500051  25.05532710   46.724
2017028 121.92500047  25.05532713   46.724
2017029 121.92500051  25.05532712   46.718
2017030 121.92500050  25.05532711   46.710
2017031 121.92500058  25.05532714   46.717
2017032 121.92500052  25.05532711   46.715
2017033 121.92500051  25.05532709   46.718
2017034 121.92500050  25.05532709   46.722
2017035 121.92500051  25.05532710   46.722
2017036 121.92500056  25.05532712   46.714
2017037 121.92500051  25.05532710   46.715
2017038 121.92500052  25.05532711   46.722
2017039 121.92500056  25.05532710   46.709
2017040 121.92500055  25.05532711   46.716
2017041 121.92500057  25.05532711   46.717
2017042 121.92500053  25.05532712   46.714
2017043 121.92500053  25.05532707   46.716
2017044 121.92500051  25.05532709   46.717
2017045 121.92500051  25.05532710   46.716
2017046 121.92500053  25.05532709   46.714
2017047 121.92500053  25.05532710   46.713
2017048 121.92500053  25.05532709   46.708
2017049 121.92500052  25.05532710   46.716
2017050 121.92500056  25.05532714   46.712
2017051 121.92500052  25.05532710   46.707
2017052 121.92500061  25.05532713   46.716
2017053 121.92500062  25.05532713   46.711
2017054 121.92500056  25.05532715   46.714
2017055 121.92500059  25.05532714   46.717
2017056 121.92500059  25.05532716   46.698
2017057 121.92500060  25.05532713   46.709
2017058 121.92500059  25.05532713   46.706
2017059 121.92500057  25.05532711   46.709
2017060 121.92500055  25.05532710   46.717
2017061 121.92500054  25.05532710   46.715
2017062 121.92500056  25.05532711   46.715
2017063 121.92500054  25.05532708   46.709
2017064 121.92500053  25.05532711   46.707
2017065 121.92500053  25.05532710   46.715
2017066 121.92500054  25.05532710   46.716
2017067 121.92500061  25.05532713   46.715
2017068 121.92500061  25.05532715   46.716
2017069 121.92500061  25.05532712   46.719
2017070 121.92500061  25.05532714   46.712
2017071 121.92500064  25.05532714   46.710
2017072 121.92500064  25.05532713   46.707
2017073 121.92500054  25.05532710   46.721
2017074 121.92500056  25.05532711   46.716
2017075 121.92500055  25.05532711   46.715
2017076 121.92500056  25.05532708   46.714
2017077 121.92500055  25.05532710   46.709
2017078 121.92500061  25.05532715   46.709
2017079 121.92500064  25.05532710   46.711
2017080 121.92500057  25.05532708   46.708
2017081 121.92500057  25.05532711   46.712
2017082 121.92500059  25.05532709   46.713
2017083 121.92500057  25.05532708   46.712
2017084 121.92500058  25.05532710   46.715
2017085 121.92500058  25.05532708   46.714
2017086 121.92500058  25.05532711   46.727
2017087 121.92500063  25.05532710   46.725
2017088 121.92500064  25.05532711   46.710
2017089 121.92500064  25.05532711   46.719
2017090 121.92500059  25.05532713   46.714
2017091 121.92500065  25.05532709   46.713
2017092 121.92500062  25.05532710   46.713
2017093 121.92500062  25.05532710   46.723
2017094 121.92500058  25.05532710   46.720
2017095 121.92500065  25.05532709   46.721
2017096 121.92500058  25.05532709   46.725
2017097 121.92500058  25.05532709   46.710
2017098 121.92500059  25.05532711   46.709
2017099 121.92500057  25.05532710   46.705
2017100 121.92500057  25.05532710   46.712
2017101 121.92500068  25.05532715   46.722
2017102 121.92500061  25.05532712   46.717
2017103 121.92500063  25.05532712   46.714
2017104 121.92500062  25.05532713   46.712
2017105 121.92500065  25.05532712   46.709
2017106 121.92500062  25.05532712   46.702
2017107 121.92500071  25.05532716   46.714
2017108 121.92500066  25.05532713   46.703
2017109 121.92500063  25.05532713   46.709
2017110 121.92500059  25.05532708   46.701
2017111 121.92500064  25.05532716   46.717
2017112 121.92500064  25.05532712   46.715
2017113 121.92500065  25.05532714   46.716
2017114 121.92500068  25.05532711   46.711
2017115 121.92500061  25.05532714   46.718
2017116 121.92500067  25.05532713   46.708
2017117 121.92500066  25.05532710   46.719
2017118 121.92500063  25.05532713   46.721
2017119 121.92500065  25.05532715   46.715
2017120 121.92500063  25.05532712   46.708
2017121 121.92500064  25.05532716   46.722
2017122 121.92500064  25.05532712   46.712
2017123 121.92500058  25.05532708   46.708
2017124 121.92500059  25.05532709   46.716
2017125 121.92500056  25.05532710   46.720
2017126 121.92500056  25.05532708   46.715
2017127 121.92500060  25.05532709   46.712
2017128 121.92500048  25.05532713   46.710
2017129 121.92500057  25.05532710   46.710
2017130 121.92500064  25.05532714   46.721
2017131 121.92500066  25.05532713   46.708
2017132 121.92500071  25.05532710   46.709
2017133 121.92500067  25.05532716   46.714
2017134 121.92500066  25.05532712   46.710
2017135 121.92500069  25.05532714   46.710
2017136 121.92500067  25.05532714   46.717
2017137 121.92500065  25.05532716   46.717
2017138 121.92500066  25.05532713   46.714
2017139 121.92500064  25.05532713   46.714
2017140 121.92500071  25.05532711   46.716
2017141 121.92500064  25.05532714   46.727
2017142 121.92500066  25.05532714   46.710
2017143 121.92500064  25.05532713   46.705
2017144 121.92500066  25.05532712   46.709
2017145 121.92500069  25.05532711   46.712
2017146 121.92500066  25.05532714   46.718
2017147 121.92500063  25.05532713   46.710
2017148 121.92500064  25.05532710   46.721
2017149 121.92500068  25.05532713   46.714
2017150 121.92500065  25.05532711   46.711
2017151 121.92500068  25.05532713   46.706
2017152 121.92500067  25.05532712   46.707
2017153 121.92500062  25.05532717   46.698
2017154 121.92500069  25.05532713   46.710
2017155 121.92500071  25.05532717   46.720
2017156 121.92500065  25.05532710   46.717
2017157 121.92500063  25.05532719   46.700
2017158 121.92500062  25.05532713   46.710
2017159 121.92500067  25.05532712   46.710
2017160 121.92500064  25.05532711   46.713
2017161 121.92500066  25.05532708   46.714
2017162 121.92500070  25.05532709   46.729
2017163 121.92500073  25.05532708   46.713
2017164 121.92500079  25.05532709   46.715
2017165 121.92500070  25.05532713   46.711
2017166 121.92500068  25.05532717   46.716
2017167 121.92500069  25.05532712   46.705
2017168 121.92500072  25.05532712   46.708
2017169 121.92500070  25.05532710   46.714
2017170 121.92500072  25.05532714   46.716
2017171 121.92500063  25.05532708   46.708
2017172 121.92500064  25.05532708   46.715
2017173 121.92500065  25.05532711   46.713
2017174 121.92500065  25.05532710   46.721
2017175 121.92500059  25.05532713   46.731
2017176 121.92500062  25.05532710   46.707
2017177 121.92500064  25.05532708   46.711
2017178 121.92500058  25.05532711   46.718
2017179 121.92500063  25.05532710   46.718
2017180 121.92500070  25.05532712   46.715
2017181 121.92500068  25.05532716   46.716
2017182 121.92500072  25.05532714   46.727
2017183 121.92500068  25.05532713   46.717
2017184 121.92500073  25.05532717   46.711
2017185 121.92500073  25.05532710   46.717
2017186 121.92500067  25.05532713   46.721
2017187 121.92500062  25.05532709   46.715
2017188 121.92500064  25.05532709   46.721
2017189 121.92500065  25.05532709   46.721
2017190 121.92500067  25.05532706   46.712
2017191 121.92500068  25.05532712   46.717
2017192 121.92500072  25.05532711   46.713
2017193 121.92500066  25.05532711   46.728
2017194 121.92500068  25.05532710   46.702
2017195 121.92500069  25.05532712   46.711
2017196 121.92500068  25.05532715   46.708
2017197 121.92500075  25.05532709   46.695
2017198 121.92500071  25.05532708   46.719
2017199 121.92500069  25.05532707   46.719
2017200 121.92500067  25.05532707   46.719
2017201 121.92500068  25.05532705   46.722
2017202 121.92500066  25.05532710   46.721
2017203 121.92500067  25.05532714   46.716
2017204 121.92500069  25.05532710   46.716
2017205 121.92500066  25.05532708   46.714
2017206 121.92500067  25.05532706   46.710
2017207 121.92500063  25.05532708   46.728
2017208 121.92500064  25.05532708   46.716
2017209 121.92500073  25.05532709   46.694
2017210 121.92500079  25.05532710   46.714
2017211 121.92500078  25.05532703   46.697
2017212 121.92500075  25.05532712   46.720
2017213 121.92500075  25.05532712   46.706
2017214 121.92500077  25.05532714   46.707
2017215 121.92500067  25.05532708   46.711
2017216 121.92500066  25.05532709   46.709
2017217 121.92500068  25.05532706   46.709
2017218 121.92500066  25.05532706   46.716
2017219 121.92500069  25.05532708   46.713
2017220 121.92500066  25.05532707   46.711
2017221 121.92500068  25.05532707   46.718
2017222 121.92500067  25.05532709   46.715
2017223 121.92500075  25.05532707   46.704
2017224 121.92500067  25.05532710   46.719
2017225 121.92500074  25.05532712   46.707
2017226 121.92500074  25.05532714   46.729
2017227 121.92500069  25.05532707   46.710
2017228 121.92500074  25.05532708   46.697
2017229 121.92500068  25.05532706   46.717
2017230 121.92500071  25.05532705   46.706
2017231 121.92500064  25.05532706   46.705
2017232 121.92500073  25.05532714   46.712
2017233 121.92500078  25.05532707   46.692
2017234 121.92500072  25.05532707   46.701
2017235 121.92500065  25.05532706   46.709
2017236 121.92500068  25.05532708   46.717
2017237 121.92500068  25.05532711   46.726
2017238 121.92500072  25.05532708   46.716
2017239 121.92500070  25.05532707   46.709
2017240 121.92500069  25.05532706   46.714
2017241 121.92500068  25.05532702   46.708
2017242 121.92500074  25.05532710   46.701
2017243 121.92500073  25.05532710   46.702
2017244 121.92500081  25.05532711   46.708
2017245 121.92500073  25.05532710   46.715
2017246 121.92500079  25.05532707   46.723
2017247 121.92500077  25.05532706   46.708
2017248 121.92500073  25.05532709   46.707
2017249 121.92500074  25.05532714   46.698
2017250 121.92500078  25.05532709   46.699
2017251 121.92500076  25.05532707   46.721
2017252 121.92500079  25.05532713   46.708
2017253 121.92500073  25.05532713   46.703
2017254 121.92500076  25.05532711   46.713
2017255 121.92500074  25.05532708   46.698
2017256 121.92500072  25.05532710   46.699
2017257 121.92500061  25.05532712   46.672
2017258 121.92500071  25.05532707   46.682
2017259 121.92500074  25.05532707   46.714
2017260 121.92500073  25.05532710   46.706
2017261 121.92500076  25.05532709   46.716
2017262 121.92500074  25.05532711   46.705
2017263 121.92500071  25.05532713   46.715
2017264 121.92500076  25.05532710   46.708
2017265 121.92500071  25.05532712   46.714
2017266 121.92500077  25.05532708   46.712
2017267 121.92500075  25.05532709   46.712
2017268 121.92500080  25.05532706   46.702
2017269 121.92500076  25.05532708   46.711
2017270 121.92500079  25.05532708   46.707
2017271 121.92500080  25.05532713   46.695
2017272 121.92500078  25.05532713   46.717
2017273 121.92500075  25.05532708   46.722
2017274 121.92500077  25.05532712   46.699
2017275 121.92500078  25.05532708   46.706
2017276 121.92500077  25.05532707   46.705
2017277 121.92500073  25.05532703   46.713
2017278 121.92500076  25.05532711   46.715
2017279 121.92500079  25.05532704   46.719
2017280 121.92500074  25.05532701   46.709
2017281 121.92500077  25.05532704   46.701
2017282 121.92500080  25.05532707   46.702
2017283 121.92500077  25.05532706   46.701
2017284 121.92500076  25.05532707   46.694
2017285 121.92500073  25.05532704   46.717
2017286 121.92500078  25.05532704   46.712
2017287 121.92500079  25.05532703   46.698
2017288 121.92500082  25.05532704   46.694
2017289 121.92500074  25.05532706   46.728
2017290 121.92500074  25.05532701   46.698
2017291 121.92500078  25.05532703   46.713
2017292 121.92500079  25.05532706   46.711
2017293 121.92500079  25.05532705   46.705
2017294 121.92500078  25.05532707   46.695
2017295 121.92500079  25.05532707   46.710
2017296 121.92500081  25.05532707   46.714
2017297 121.92500077  25.05532707   46.711
2017298 121.92500083  25.05532706   46.715
2017299 121.92500079  25.05532705   46.719
2017300 121.92500078  25.05532706   46.704
2017301 121.92500076  25.05532702   46.709
2017302 121.92500076  25.05532704   46.709
2017303 121.92500075  25.05532703   46.715
2017304 121.92500085  25.05532705   46.719
