2016306 122.07962245  25.62813290  123.974
2016307 122.07962244  25.62813290  123.980
2016308 122.07962243  25.62813289  123.988
2016309 122.07962246  25.62813288  123.980
2016310 122.07962242  25.62813289  123.997
2016311 122.07962244  25.62813292  123.973
2016312 122.07962241  25.62813288  123.980
2016313 122.07962241  25.62813289  123.985
2016314 122.07962240  25.62813291  123.986
2016315 122.07962240  25.62813291  123.987
2016316 122.07962240  25.62813290  123.979
2016317 122.07962246  25.62813289  123.985
2016318 122.07962245  25.62813291  123.981
2016319 122.07962247  25.62813287  123.980
2016320 122.07962247  25.62813286  123.988
2016321 122.07962245  25.62813288  123.990
2016322 122.07962248  25.62813289  123.985
2016323 122.07962246  25.62813291  123.971
2016324 122.07962244  25.62813291  123.983
2016325 122.07962247  25.62813290  123.986
2016326 122.07962243  25.62813294  123.981
2016327 122.07962246  25.62813290  123.989
2016328 122.07962244  25.62813289  123.986
2016329 122.07962243  25.62813290  123.982
2016330 122.07962242  25.62813290  123.976
2016331 122.07962247  25.62813290  123.987
2016332 122.07962244  25.62813290  123.984
2016333 122.07962248  25.62813290  123.982
2016334 122.07962250  25.62813292  123.986
2016335 122.07962246  25.62813289  123.986
2016336 122.07962246  25.62813290  123.978
2016337 122.07962249  25.62813290  123.974
2016338 122.07962248  25.62813291  123.986
2016339 122.07962249  25.62813291  123.968
2016340 122.07962247  25.62813293  123.980
2016341 122.07962247  25.62813293  123.974
2016342 122.07962244  25.62813289  123.984
2016343 122.07962245  25.62813289  123.978
2016344 122.07962243  25.62813288  123.980
2016345 122.07962245  25.62813290  123.978
2016346 122.07962249  25.62813290  123.977
2016347 122.07962253  25.62813288  123.982
2016348 122.07962247  25.62813290  123.976
2016349 122.07962246  25.62813292  123.980
2016350 122.07962241  25.62813289  123.984
2016351 122.07962243  25.62813286  123.979
2016352 122.07962243  25.62813287  123.987
2016353 122.07962242  25.62813286  123.978
2016354 122.07962244  25.62813284  123.976
2016355 122.07962250  25.62813291  123.962
2016356 122.07962244  25.62813288  123.986
2016357 122.07962249  25.62813289  123.982
2016358 122.07962247  25.62813292  123.985
2016359 122.07962247  25.62813292  123.988
2016360 122.07962249  25.62813292  123.973
2016361 122.07962250  25.62813287  123.980
2016362 122.07962247  25.62813289  123.980
2016363 122.07962242  25.62813287  123.989
2016364 122.07962241  25.62813287  123.983
2016365 122.07962243  25.62813287  123.982
2016366 122.07962244  25.62813284  123.985
2017001 122.07962243  25.62813289  123.990
2017002 122.07962246  25.62813288  123.984
2017003 122.07962245  25.62813287  123.979
2017004 122.07962245  25.62813288  123.994
2017005 122.07962300  25.62813270  123.936
2017006 122.07962247  25.62813286  123.974
2017007 122.07962247  25.62813288  123.983
2017008 122.07962245  25.62813288  123.985
2017009 122.07962247  25.62813290  123.981
2017010 122.07962249  25.62813290  123.975
2017011 122.07962249  25.62813289  123.985
2017012 122.07962251  25.62813290  123.987
2017013 122.07962249  25.62813291  123.983
2017014 122.07962249  25.62813288  123.980
2017015 122.07962247  25.62813293  123.988
2017016 122.07962247  25.62813291  123.985
2017017 122.07962250  25.62813289  123.986
2017018 122.07962248  25.62813289  123.987
2017019 122.07962248  25.62813289  123.978
2017020 122.07962250  25.62813288  123.977
2017021 122.07962251  25.62813286  123.979
2017022 122.07962247  25.62813289  123.978
2017023 122.07962249  25.62813288  123.981
2017024 122.07962250  25.62813288  123.981
2017025 122.07962245  25.62813285  123.978
2017026 122.07962245  25.62813284  123.981
2017027 122.07962247  25.62813284  123.979
2017028 122.07962244  25.62813287  123.984
2017029 122.07962247  25.62813287  123.982
2017030 122.07962246  25.62813287  123.977
2017031 122.07962254  25.62813290  123.985
2017032 122.07962248  25.62813288  123.979
2017033 122.07962247  25.62813286  123.985
2017034 122.07962247  25.62813285  123.986
2017035 122.07962247  25.62813285  123.983
2017036 122.07962251  25.62813288  123.976
2017037 122.07962247  25.62813286  123.985
2017038 122.07962246  25.62813287  123.982
2017039 122.07962251  25.62813287  123.975
2017040 122.07962252  25.62813288  123.978
2017041 122.07962253  25.62813288  123.981
2017042 122.07962249  25.62813289  123.979
2017043 122.07962249  25.62813285  123.978
2017044 122.07962246  25.62813286  123.978
2017045 122.07962247  25.62813286  123.980
2017046 122.07962249  25.62813285  123.979
2017047 122.07962249  25.62813285  123.977
2017048 122.07962248  25.62813284  123.971
2017049 122.07962248  25.62813285  123.981
2017050 122.07962256  25.62813289  123.977
2017051 122.07962248  25.62813286  123.969
2017052 122.07962257  25.62813287  123.975
2017053 122.07962256  25.62813290  123.980
2017054 122.07962251  25.62813291  123.981
2017055 122.07962255  25.62813291  123.982
2017056 122.07962254  25.62813293  123.965
2017057 122.07962257  25.62813289  123.975
2017058 122.07962255  25.62813289  123.971
2017059 122.07962251  25.62813288  123.977
2017060 122.07962250  25.62813286  123.980
2017061 122.07962250  25.62813286  123.979
2017062 122.07962252  25.62813288  123.975
2017063 122.07962251  25.62813285  123.972
2017064 122.07962249  25.62813286  123.968
2017065 122.07962249  25.62813287  123.979
2017066 122.07962250  25.62813286  123.974
2017067 122.07962257  25.62813290  123.978
2017068 122.07962256  25.62813291  123.984
2017069 122.07962257  25.62813289  123.980
2017070 122.07962257  25.62813291  123.973
2017071 122.07962260  25.62813290  123.970
2017072 122.07962259  25.62813289  123.969
2017073 122.07962250  25.62813286  123.988
2017074 122.07962251  25.62813287  123.979
2017075 122.07962251  25.62813288  123.979
2017076 122.07962251  25.62813285  123.978
2017077 122.07962250  25.62813287  123.969
2017078 122.07962256  25.62813290  123.970
2017079 122.07962260  25.62813287  123.975
2017080 122.07962251  25.62813284  123.980
2017081 122.07962252  25.62813286  123.975
2017082 122.07962252  25.62813287  123.969
2017083 122.07962253  25.62813284  123.972
2017084 122.07962252  25.62813286  123.972
2017085 122.07962252  25.62813284  123.981
2017086 122.07962252  25.62813286  123.982
2017087 122.07962260  25.62813286  123.981
2017088 122.07962259  25.62813288  123.975
2017089 122.07962262  25.62813287  123.980
2017090 122.07962256  25.62813290  123.975
2017091 122.07962261  25.62813285  123.973
2017092 122.07962258  25.62813287  123.977
2017093 122.07962257  25.62813285  123.980
2017094 122.07962255  25.62813285  123.972
2017095 122.07962261  25.62813284  123.982
2017096 122.07962254  25.62813285  123.978
2017097 122.07962254  25.62813285  123.974
2017098 122.07962254  25.62813286  123.976
2017099 122.07962253  25.62813285  123.971
2017100 122.07962253  25.62813284  123.975
2017101 122.07962263  25.62813291  123.975
2017102 122.07962257  25.62813290  123.985
2017103 122.07962260  25.62813290  123.975
2017104 122.07962258  25.62813291  123.973
2017105 122.07962262  25.62813288  123.966
2017106 122.07962260  25.62813288  123.965
2017107 122.07962266  25.62813291  123.977
2017108 122.07962265  25.62813292  123.956
2017109 122.07962262  25.62813288  123.966
2017110 122.07962256  25.62813284  123.974
2017111 122.07962261  25.62813288  123.980
2017112 122.07962256  25.62813289  123.971
2017113 122.07962262  25.62813290  123.973
2017114 122.07962264  25.62813288  123.975
2017115 122.07962259  25.62813289  123.981
2017116 122.07962262  25.62813290  123.981
2017117 122.07962262  25.62813286  123.978
2017118 122.07962259  25.62813290  123.990
2017119 122.07962261  25.62813291  123.976
2017120 122.07962261  25.62813288  123.973
2017121 122.07962259  25.62813291  123.981
2017122 122.07962261  25.62813286  123.976
2017123 122.07962255  25.62813285  123.978
2017124 122.07962256  25.62813283  123.981
2017125 122.07962249  25.62813286  123.970
2017126 122.07962253  25.62813285  123.976
2017127 122.07962255  25.62813286  123.970
2017128 122.07962245  25.62813287  123.975
2017129 122.07962254  25.62813284  123.972
2017130 122.07962256  25.62813290  123.972
2017131 122.07962262  25.62813287  123.973
2017132 122.07962264  25.62813287  123.967
2017133 122.07962260  25.62813291  123.980
2017134 122.07962262  25.62813288  123.973
2017135 122.07962263  25.62813288  123.980
2017136 122.07962259  25.62813292  123.973
2017137 122.07962257  25.62813292  123.976
2017138 122.07962259  25.62813288  123.977
2017139 122.07962258  25.62813289  123.975
2017140 122.07962266  25.62813286  123.980
2017141 122.07962261  25.62813290  123.985
2017142 122.07962261  25.62813291  123.967
2017143 122.07962259  25.62813288  123.967
2017144 122.07962260  25.62813287  123.975
2017145 122.07962263  25.62813288  123.974
2017146 122.07962258  25.62813290  123.988
2017147 122.07962261  25.62813288  123.970
2017148 122.07962260  25.62813285  123.978
2017149 122.07962261  25.62813289  123.975
2017150 122.07962260  25.62813291  123.973
2017151 122.07962266  25.62813288  123.972
2017152 122.07962263  25.62813290  123.976
2017153 122.07962258  25.62813293  123.958
2017154 122.07962262  25.62813288  123.972
2017155 122.07962266  25.62813291  123.983
2017156 122.07962262  25.62813285  123.977
2017157 122.07962266  25.62813290  123.962
2017158 122.07962261  25.62813284  123.968
2017159 122.07962260  25.62813285  123.981
2017160 122.07962260  25.62813287  123.979
2017161 122.07962262  25.62813283  123.970
2017162 122.07962266  25.62813286  123.974
2017163 122.07962266  25.62813283  123.973
2017164 122.07962274  25.62813284  123.975
2017165 122.07962266  25.62813288  123.973
2017166 122.07962263  25.62813292  123.975
2017167 122.07962265  25.62813287  123.965
2017168 122.07962267  25.62813288  123.972
2017169 122.07962264  25.62813285  123.974
2017170 122.07962266  25.62813288  123.973
2017171 122.07962255  25.62813284  123.964
2017172 122.07962258  25.62813284  123.979
2017173 122.07962264  25.62813284  123.976
2017174 122.07962254  25.62813286  123.964
2017175 122.07962259  25.62813283  123.975
2017176 122.07962258  25.62813285  123.970
2017177 122.07962259  25.62813281  123.970
2017178 122.07962259  25.62813282  123.977
2017179 122.07962258  25.62813285  123.983
2017180 122.07962268  25.62813286  123.974
2017181 122.07962265  25.62813288  123.983
2017182 122.07962271  25.62813286  123.984
2017183 122.07962261  25.62813286  123.967
2017184 122.07962268  25.62813290  123.963
2017185 122.07962266  25.62813284  123.976
2017186 122.07962264  25.62813285  123.978
2017187 122.07962255  25.62813283  123.968
2017188 122.07962260  25.62813284  123.985
2017189 122.07962259  25.62813285  123.977
2017190 122.07962261  25.62813283  123.971
2017191 122.07962266  25.62813286  123.987
2017192 122.07962266  25.62813286  123.987
2017193 122.07962264  25.62813285  123.987
2017194 122.07962263  25.62813283  123.972
2017195 122.07962265  25.62813286  123.966
2017196 122.07962265  25.62813288  123.975
2017197 122.07962268  25.62813283  123.972
2017198 122.07962267  25.62813282  123.980
2017199 122.07962264  25.62813282  123.976
2017200 122.07962262  25.62813283  123.977
2017201 122.07962263  25.62813280  123.982
2017202 122.07962260  25.62813281  123.976
2017203 122.07962262  25.62813283  123.965
2017204 122.07962262  25.62813283  123.972
2017205 122.07962260  25.62813282  123.974
2017206 122.07962261  25.62813282  123.976
2017207 122.07962259  25.62813281  123.988
2017208 122.07962259  25.62813281  123.975
2017209 122.07962267  25.62813284  123.965
2017210 122.07962268  25.62813283  123.975
2017211 122.07962269  25.62813284  123.954
2017212 122.07962269  25.62813287  123.978
2017213 122.07962270  25.62813286  123.969
2017214 122.07962269  25.62813288  123.965
2017215 122.07962261  25.62813282  123.966
2017216 122.07962261  25.62813284  123.972
2017217 122.07962262  25.62813281  123.965
2017218 122.07962263  25.62813281  123.975
2017219 122.07962265  25.62813282  123.972
2017220 122.07962264  25.62813283  123.969
2017221 122.07962266  25.62813280  123.975
2017222 122.07962264  25.62813284  123.975
2017223 122.07962270  25.62813281  123.966
2017224 122.07962265  25.62813284  123.971
2017225 122.07962269  25.62813285  123.969
2017226 122.07962273  25.62813287  123.974
2017227 122.07962265  25.62813282  123.975
2017228 122.07962268  25.62813283  123.959
2017229 122.07962264  25.62813281  123.971
2017230 122.07962266  25.62813279  123.969
2017231 122.07962259  25.62813282  123.968
2017232 122.07962270  25.62813288  123.974
2017233 122.07962269  25.62813281  123.960
2017234 122.07962263  25.62813283  123.978
2017235 122.07962260  25.62813281  123.965
2017236 122.07962263  25.62813283  123.974
2017237 122.07962262  25.62813282  123.970
2017238 122.07962267  25.62813284  123.955
2017239 122.07962266  25.62813281  123.963
2017240 122.07962264  25.62813281  123.972
2017241 122.07962264  25.62813278  123.974
2017242 122.07962270  25.62813282  123.964
2017243 122.07962272  25.62813284  123.955
2017244 122.07962270  25.62813283  123.965
2017245 122.07962270  25.62813285  123.970
2017246 122.07962278  25.62813286  123.957
2017247 122.07962272  25.62813282  123.970
2017248 122.07962267  25.62813284  123.973
2017249 122.07962271  25.62813287  123.963
2017250 122.07962272  25.62813285  123.958
2017251 122.07962268  25.62813284  123.994
2017252 122.07962271  25.62813288  123.971
2017253 122.07962268  25.62813287  123.974
2017254 122.07962271  25.62813286  123.972
2017255 122.07962269  25.62813285  123.967
2017256 122.07962268  25.62813284  123.968
2017257 122.07962265  25.62813280  123.987
2017258 122.07962270  25.62813280  123.973
2017259 122.07962270  25.62813282  123.981
2017260 122.07962267  25.62813285  123.975
2017261 122.07962271  25.62813284  123.983
2017262 122.07962269  25.62813287  123.967
2017263 122.07962266  25.62813288  123.972
2017264 122.07962269  25.62813285  123.966
2017265 122.07962267  25.62813282  123.963
2017266 122.07962269  25.62813282  123.973
2017267 122.07962269  25.62813285  123.979
2017268 122.07962276  25.62813282  123.972
2017269 122.07962268  25.62813283  123.972
2017270 122.07962274  25.62813283  123.962
2017271 122.07962276  25.62813278  123.969
2017272 122.07962271  25.62813285  123.973
2017273 122.07962268  25.62813281  123.984
2017274 122.07962271  25.62813287  123.961
2017275 122.07962272  25.62813282  123.971
2017276 122.07962272  25.62813281  123.971
2017277 122.07962265  25.62813278  123.977
2017278 122.07962265  25.62813278  123.974
2017279 122.07962270  25.62813278  123.964
2017280 122.07962268  25.62813278  123.979
2017281 122.07962269  25.62813282  123.967
2017282 122.07962268  25.62813278  123.968
2017283 122.07962269  25.62813277  123.980
2017284 122.07962267  25.62813285  123.958
2017285 122.07962268  25.62813279  123.972
2017286 122.07962271  25.62813279  123.962
2017287 122.07962274  25.62813283  123.978
2017288 122.07962274  25.62813279  123.977
2017289 122.07962272  25.62813279  123.968
2017290 122.07962270  25.62813277  123.978
2017291 122.07962272  25.62813278  123.979
2017292 122.07962274  25.62813282  123.972
2017293 122.07962275  25.62813280  123.976
2017294 122.07962273  25.62813282  123.971
2017295 122.07962276  25.62813281  123.966
2017296 122.07962272  25.62813281  123.972
2017297 122.07962272  25.62813283  123.979
2017298 122.07962277  25.62813281  123.980
2017299 122.07962273  25.62813281  123.983
2017300 122.07962272  25.62813280  123.970
2017301 122.07962271  25.62813277  123.971
2017302 122.07962270  25.62813278  123.976
2017303 122.07962271  25.62813278  123.979
2017304 122.07962271  25.62813276  123.979
