2016306 121.94116648  24.84268875   25.150
2016307 121.94116646  24.84268875   25.159
2016308 121.94116646  24.84268878   25.163
2016309 121.94116651  24.84268875   25.154
2016310 121.94116649  24.84268875   25.159
2016311 121.94116643  24.84268875   25.161
2016312 121.94116644  24.84268874   25.156
2016313 121.94116644  24.84268875   25.161
2016314 121.94116643  24.84268877   25.161
2016315 121.94116644  24.84268879   25.160
2016316 121.94116643  24.84268876   25.167
2016317 121.94116649  24.84268875   25.159
2016318 121.94116648  24.84268877   25.158
2016319 121.94116652  24.84268873   25.148
2016320 121.94116650  24.84268872   25.154
2016321 121.94116648  24.84268874   25.159
2016322 121.94116653  24.84268876   25.159
2016323 121.94116651  24.84268876   25.162
2016324 121.94116648  24.84268879   25.144
2016325 121.94116651  24.84268875   25.159
2016326 121.94116648  24.84268878   25.153
2016327 121.94116650  24.84268876   25.172
2016328 121.94116648  24.84268873   25.162
2016329 121.94116647  24.84268875   25.158
2016330 121.94116646  24.84268874   25.149
2016331 121.94116651  24.84268876   25.155
2016332 121.94116647  24.84268878   25.157
2016333 121.94116651  24.84268875   25.157
2016334 121.94116654  24.84268877   25.157
2016335 121.94116649  24.84268876   25.157
2016336 121.94116649  24.84268876   25.156
2016337 121.94116652  24.84268874   25.144
2016338 121.94116649  24.84268878   25.163
2016339 121.94116653  24.84268876   25.145
2016340 121.94116651  24.84268877   25.148
2016341 121.94116652  24.84268879   25.159
2016342 121.94116648  24.84268876   25.161
2016343 121.94116648  24.84268875   25.166
2016344 121.94116649  24.84268874   25.169
2016345 121.94116648  24.84268883   25.167
2016346 121.94116653  24.84268874   25.150
2016347 121.94116658  24.84268872   25.153
2016348 121.94116654  24.84268874   25.147
2016349 121.94116650  24.84268876   25.152
2016350 121.94116647  24.84268872   25.159
2016351 121.94116648  24.84268873   25.154
2016352 121.94116648  24.84268873   25.155
2016353 121.94116648  24.84268871   25.157
2016354 121.94116647  24.84268872   25.152
2016355 121.94116654  24.84268875   25.155
2016356 121.94116647  24.84268873   25.156
2016357 121.94116654  24.84268875   25.160
2016358 121.94116651  24.84268876   25.161
2016359 121.94116651  24.84268876   25.155
2016360 121.94116653  24.84268876   25.152
2016361 121.94116654  24.84268873   25.153
2016362 121.94116653  24.84268874   25.152
2016363 121.94116648  24.84268871   25.162
2016364 121.94116646  24.84268871   25.162
2016365 121.94116648  24.84268871   25.153
2016366 121.94116649  24.84268869   25.160
2017001 121.94116649  24.84268873   25.156
2017002 121.94116651  24.84268872   25.150
2017003 121.94116651  24.84268872   25.156
2017004 121.94116650  24.84268873   25.156
2017005 121.94116653  24.84268874   25.142
2017006 121.94116651  24.84268872   25.153
2017007 121.94116654  24.84268873   25.156
2017008 121.94116651  24.84268873   25.155
2017009 121.94116654  24.84268874   25.150
2017010 121.94116653  24.84268874   25.145
2017011 121.94116656  24.84268873   25.157
2017012 121.94116657  24.84268874   25.157
2017013 121.94116656  24.84268875   25.154
2017014 121.94116654  24.84268873   25.157
2017015 121.94116653  24.84268876   25.159
2017016 121.94116653  24.84268875   25.160
2017017 121.94116656  24.84268874   25.153
2017018 121.94116654  24.84268874   25.154
2017019 121.94116654  24.84268873   25.152
2017020 121.94116656  24.84268873   25.148
2017021 121.94116656  24.84268870   25.151
2017022 121.94116654  24.84268873   25.152
2017023 121.94116655  24.84268873   25.155
2017024 121.94116656  24.84268873   25.157
2017025 121.94116651  24.84268870   25.151
2017026 121.94116650  24.84268869   25.153
2017027 121.94116650  24.84268867   25.156
2017028 121.94116651  24.84268873   25.156
2017029 121.94116653  24.84268872   25.150
2017030 121.94116651  24.84268871   25.149
2017031 121.94116661  24.84268872   25.160
2017032 121.94116655  24.84268871   25.156
2017033 121.94116653  24.84268870   25.157
2017034 121.94116652  24.84268870   25.155
2017035 121.94116651  24.84268871   25.161
2017036 121.94116657  24.84268872   25.150
2017037 121.94116653  24.84268870   25.156
2017038 121.94116653  24.84268870   25.153
2017039 121.94116659  24.84268871   25.151
2017040 121.94116659  24.84268871   25.154
2017041 121.94116658  24.84268871   25.157
2017042 121.94116656  24.84268873   25.155
2017043 121.94116655  24.84268868   25.159
2017044 121.94116654  24.84268869   25.157
2017045 121.94116653  24.84268870   25.154
2017046 121.94116655  24.84268869   25.150
2017047 121.94116656  24.84268870   25.149
2017048 121.94116654  24.84268866   25.137
2017049 121.94116654  24.84268868   25.154
2017050 121.94116661  24.84268874   25.157
2017051 121.94116655  24.84268870   25.146
2017052 121.94116663  24.84268871   25.148
2017053 121.94116662  24.84268873   25.146
2017054 121.94116659  24.84268874   25.153
2017055 121.94116660  24.84268875   25.158
2017056 121.94116660  24.84268876   25.137
2017057 121.94116663  24.84268873   25.158
2017058 121.94116662  24.84268872   25.147
2017059 121.94116659  24.84268871   25.151
2017060 121.94116655  24.84268870   25.157
2017061 121.94116658  24.84268870   25.158
2017062 121.94116659  24.84268872   25.149
2017063 121.94116658  24.84268868   25.150
2017064 121.94116658  24.84268869   25.149
2017065 121.94116656  24.84268870   25.156
2017066 121.94116657  24.84268870   25.154
2017067 121.94116664  24.84268872   25.160
2017068 121.94116664  24.84268875   25.160
2017069 121.94116665  24.84268870   25.164
2017070 121.94116664  24.84268874   25.153
2017071 121.94116667  24.84268873   25.143
2017072 121.94116668  24.84268872   25.142
2017073 121.94116659  24.84268869   25.158
2017074 121.94116658  24.84268870   25.152
2017075 121.94116658  24.84268871   25.151
2017076 121.94116659  24.84268868   25.151
2017077 121.94116659  24.84268869   25.145
2017078 121.94116665  24.84268873   25.146
2017079 121.94116667  24.84268871   25.153
2017080 121.94116660  24.84268868   25.151
2017081 121.94116660  24.84268868   25.144
2017082 121.94116662  24.84268869   25.151
2017083 121.94116661  24.84268867   25.155
2017084 121.94116660  24.84268870   25.149
2017085 121.94116659  24.84268867   25.149
2017086 121.94116661  24.84268870   25.157
2017087 121.94116668  24.84268871   25.150
2017088 121.94116667  24.84268871   25.159
2017089 121.94116669  24.84268871   25.148
2017090 121.94116666  24.84268872   25.153
2017091 121.94116669  24.84268866   25.146
2017092 121.94116665  24.84268870   25.148
2017093 121.94116665  24.84268868   25.152
2017094 121.94116662  24.84268868   25.149
2017095 121.94116669  24.84268867   25.155
2017096 121.94116662  24.84268871   25.156
2017097 121.94116663  24.84268869   25.152
2017098 121.94116663  24.84268870   25.146
2017099 121.94116662  24.84268870   25.149
2017100 121.94116664  24.84268867   25.140
2017101 121.94116672  24.84268873   25.156
2017102 121.94116664  24.84268871   25.164
2017103 121.94116667  24.84268870   25.152
2017104 121.94116666  24.84268873   25.150
2017105 121.94116670  24.84268870   25.146
2017106 121.94116668  24.84268872   25.138
2017107 121.94116676  24.84268872   25.148
2017108 121.94116671  24.84268870   25.135
2017109 121.94116670  24.84268871   25.144
2017110 121.94116663  24.84268867   25.139
2017111 121.94116667  24.84268872   25.148
2017112 121.94116667  24.84268870   25.160
2017113 121.94116669  24.84268871   25.155
2017114 121.94116672  24.84268870   25.150
2017115 121.94116666  24.84268871   25.157
2017116 121.94116669  24.84268871   25.147
2017117 121.94116669  24.84268868   25.160
2017118 121.94116667  24.84268873   25.162
2017119 121.94116670  24.84268874   25.149
2017120 121.94116668  24.84268869   25.151
2017121 121.94116667  24.84268874   25.158
2017122 121.94116670  24.84268869   25.156
2017123 121.94116662  24.84268867   25.143
2017124 121.94116663  24.84268869   25.151
2017125 121.94116663  24.84268866   25.154
2017126 121.94116661  24.84268868   25.145
2017127 121.94116663  24.84268869   25.152
2017128 121.94116653  24.84268870   25.156
2017129 121.94116661  24.84268868   25.145
2017130 121.94116667  24.84268873   25.152
2017131 121.94116673  24.84268872   25.156
2017132 121.94116674  24.84268868   25.145
2017133 121.94116671  24.84268874   25.154
2017134 121.94116672  24.84268870   25.141
2017135 121.94116674  24.84268872   25.151
2017136 121.94116670  24.84268872   25.155
2017137 121.94116668  24.84268875   25.151
2017138 121.94116668  24.84268872   25.143
2017139 121.94116670  24.84268872   25.152
2017140 121.94116676  24.84268870   25.158
2017141 121.94116668  24.84268871   25.160
2017142 121.94116672  24.84268873   25.149
2017143 121.94116668  24.84268869   25.151
2017144 121.94116671  24.84268870   25.149
2017145 121.94116672  24.84268868   25.148
2017146 121.94116668  24.84268873   25.157
2017147 121.94116669  24.84268870   25.153
2017148 121.94116668  24.84268867   25.157
2017149 121.94116672  24.84268872   25.150
2017150 121.94116670  24.84268872   25.151
2017151 121.94116675  24.84268871   25.151
2017152 121.94116674  24.84268870   25.144
2017153 121.94116669  24.84268872   25.134
2017154 121.94116676  24.84268872   25.141
2017155 121.94116676  24.84268872   25.147
2017156 121.94116672  24.84268868   25.157
2017157 121.94116675  24.84268872   25.144
2017158 121.94116669  24.84268867   25.143
2017159 121.94116675  24.84268870   25.149
2017160 121.94116669  24.84268871   25.145
2017161 121.94116674  24.84268865   25.152
2017162 121.94116674  24.84268868   25.144
2017163 121.94116679  24.84268864   25.152
2017164 121.94116686  24.84268864   25.142
2017165 121.94116676  24.84268868   25.145
2017166 121.94116673  24.84268873   25.149
2017167 121.94116676  24.84268868   25.147
2017168 121.94116676  24.84268869   25.147
2017169 121.94116676  24.84268865   25.144
2017170 121.94116678  24.84268869   25.148
2017171 121.94116668  24.84268863   25.138
2017172 121.94116670  24.84268865   25.157
2017173 121.94116676  24.84268866   25.152
2017174 121.94116686  24.84268858   25.139
2017175 121.94116669  24.84268867   25.151
2017176 121.94116672  24.84268865   25.139
2017177 121.94116673  24.84268863   25.150
2017178 121.94116666  24.84268866   25.163
2017179 121.94116669  24.84268868   25.161
2017180 121.94116677  24.84268868   25.155
2017181 121.94116672  24.84268872   25.147
2017182 121.94116672  24.84268869   25.150
2017183 121.94116675  24.84268868   25.137
2017184 121.94116678  24.84268870   25.138
2017185 121.94116679  24.84268865   25.154
2017186 121.94116673  24.84268868   25.159
2017187 121.94116664  24.84268865   25.150
2017188 121.94116671  24.84268866   25.160
2017189 121.94116669  24.84268865   25.161
2017190 121.94116671  24.84268864   25.145
2017191 121.94116678  24.84268869   25.157
2017192 121.94116675  24.84268868   25.158
2017193 121.94116674  24.84268867   25.156
2017194 121.94116673  24.84268866   25.154
2017195 121.94116673  24.84268868   25.154
2017196 121.94116672  24.84268869   25.157
2017197 121.94116675  24.84268865   25.150
2017198 121.94116675  24.84268865   25.158
2017199 121.94116676  24.84268865   25.153
2017200 121.94116671  24.84268864   25.155
2017201 121.94116672  24.84268861   25.153
2017202 121.94116669  24.84268864   25.149
2017203 121.94116671  24.84268865   25.160
2017204 121.94116674  24.84268866   25.151
2017205 121.94116673  24.84268863   25.151
2017206 121.94116674  24.84268862   25.147
2017207 121.94116671  24.84268862   25.158
2017208 121.94116670  24.84268862   25.144
2017209 121.94116679  24.84268864   25.143
2017210 121.94116677  24.84268862   25.141
2017211 121.94116677  24.84268866   25.146
2017212 121.94116685  24.84268867   25.141
2017213 121.94116683  24.84268866   25.140
2017214 121.94116686  24.84268867   25.146
2017215 121.94116677  24.84268863   25.147
2017216 121.94116673  24.84268864   25.146
2017217 121.94116678  24.84268863   25.136
2017218 121.94116676  24.84268865   25.154
2017219 121.94116682  24.84268861   25.147
2017220 121.94116675  24.84268861   25.145
2017221 121.94116678  24.84268860   25.152
2017222 121.94116675  24.84268865   25.153
2017223 121.94116681  24.84268863   25.138
2017224 121.94116680  24.84268864   25.163
2017225 121.94116687  24.84268864   25.126
2017226 121.94116686  24.84268865   25.136
2017227 121.94116681  24.84268859   25.140
2017228 121.94116684  24.84268865   25.140
2017229 121.94116674  24.84268863   25.142
2017230 121.94116678  24.84268860   25.146
2017231 121.94116671  24.84268861   25.145
2017232 121.94116681  24.84268869   25.145
2017233 121.94116682  24.84268865   25.145
2017234 121.94116674  24.84268863   25.148
2017235 121.94116673  24.84268863   25.145
2017236 121.94116677  24.84268864   25.153
2017237 121.94116673  24.84268865   25.151
2017238 121.94116675  24.84268863   25.152
2017239 121.94116679  24.84268861   25.141
2017240 121.94116679  24.84268862   25.142
2017241 121.94116676  24.84268857   25.151
2017242 121.94116681  24.84268871   25.133
2017243 121.94116679  24.84268864   25.138
2017244 121.94116688  24.84268864   25.161
2017245 121.94116684  24.84268869   25.169
2017246 121.94116684  24.84268866   25.161
2017247 121.94116685  24.84268860   25.146
2017248 121.94116680  24.84268864   25.150
2017249 121.94116684  24.84268868   25.146
2017250 121.94116686  24.84268864   25.138
2017251 121.94116683  24.84268863   25.153
2017252 121.94116688  24.84268865   25.132
2017253 121.94116683  24.84268868   25.140
2017254 121.94116687  24.84268866   25.133
2017255 121.94116683  24.84268864   25.144
2017256 121.94116686  24.84268861   25.156
2017257 121.94116690  24.84268854   25.192
2017258 121.94116686  24.84268863   25.180
2017259 121.94116685  24.84268860   25.133
2017260 121.94116681  24.84268866   25.140
2017261 121.94116686  24.84268863   25.141
2017262 121.94116681  24.84268868   25.136
2017263 121.94116680  24.84268868   25.150
2017264 121.94116685  24.84268865   25.140
2017265 121.94116683  24.84268862   25.139
2017266 121.94116684  24.84268862   25.140
2017267 121.94116686  24.84268866   25.147
2017268 121.94116689  24.84268862   25.142
2017269 121.94116685  24.84268863   25.143
2017270 121.94116689  24.84268862   25.136
2017271 121.94116684  24.84268857   25.178
2017272 121.94116686  24.84268872   25.149
2017273 121.94116685  24.84268860   25.144
2017274 121.94116684  24.84268867   25.135
2017275 121.94116688  24.84268863   25.134
2017276 121.94116683  24.84268862   25.155
2017277 121.94116678  24.84268858   25.140
2017278 121.94116681  24.84268858   25.162
2017279 121.94116687  24.84268860   25.155
2017280 121.94116679  24.84268856   25.146
2017281 121.94116680  24.84268860   25.135
2017282 121.94116687  24.84268864   25.126
2017283 121.94116683  24.84268861   25.133
2017284 121.94116680  24.84268863   25.139
2017285 121.94116682  24.84268860   25.144
2017286 121.94116685  24.84268858   25.148
2017287 121.94116685  24.84268861   25.141
2017288 121.94116688  24.84268859   25.144
2017289 121.94116685  24.84268857   25.150
2017290 121.94116681  24.84268857   25.142
2017291 121.94116685  24.84268857   25.143
2017292 121.94116687  24.84268861   25.143
2017293 121.94116689  24.84268858   25.148
2017294 121.94116687  24.84268860   25.140
2017295 121.94116687  24.84268858   25.137
2017296 121.94116686  24.84268860   25.146
2017297 121.94116684  24.84268862   25.151
2017298 121.94116690  24.84268861   25.152
2017299 121.94116687  24.84268859   25.149
2017300 121.94116686  24.84268860   25.143
2017301 121.94116684  24.84268857   25.145
2017302 121.94116684  24.84268857   25.146
2017303 121.94116682  24.84268857   25.150
2017304 121.94116682  24.84268854   25.165
