2016306 121.78289435  25.19091344   30.126
2016307 121.78289434  25.19091341   30.132
2016308 121.78289434  25.19091343   30.137
2016309 121.78289438  25.19091341   30.133
2016310 121.78289435  25.19091339   30.148
2016311 121.78289432  25.19091342   30.136
2016312 121.78289432  25.19091340   30.135
2016313 121.78289433  25.19091341   30.135
2016314 121.78289433  25.19091343   30.138
2016315 121.78289434  25.19091343   30.132
2016316 121.78289433  25.19091342   30.133
2016317 121.78289437  25.19091341   30.135
2016318 121.78289437  25.19091342   30.128
2016319 121.78289438  25.19091340   30.127
2016320 121.78289439  25.19091339   30.129
2016321 121.78289437  25.19091341   30.136
2016322 121.78289441  25.19091342   30.135
2016323 121.78289438  25.19091344   30.146
2016324 121.78289437  25.19091344   30.138
2016325 121.78289439  25.19091344   30.135
2016326 121.78289435  25.19091346   30.126
2016327 121.78289439  25.19091345   30.138
2016328 121.78289437  25.19091341   30.132
2016329 121.78289436  25.19091342   30.124
2016330 121.78289436  25.19091340   30.124
2016331 121.78289439  25.19091342   30.130
2016332 121.78289435  25.19091342   30.140
2016333 121.78289441  25.19091344   30.134
2016334 121.78289439  25.19091344   30.128
2016335 121.78289439  25.19091342   30.132
2016336 121.78289438  25.19091342   30.125
2016337 121.78289440  25.19091341   30.119
2016338 121.78289440  25.19091344   30.129
2016339 121.78289439  25.19091343   30.118
2016340 121.78289439  25.19091345   30.125
2016341 121.78289439  25.19091345   30.130
2016342 121.78289436  25.19091342   30.135
2016343 121.78289437  25.19091342   30.131
2016344 121.78289435  25.19091340   30.124
2016345 121.78289437  25.19091341   30.123
2016346 121.78289439  25.19091343   30.138
2016347 121.78289443  25.19091340   30.126
2016348 121.78289441  25.19091341   30.123
2016349 121.78289438  25.19091343   30.126
2016350 121.78289436  25.19091339   30.130
2016351 121.78289436  25.19091338   30.135
2016352 121.78289435  25.19091338   30.134
2016353 121.78289434  25.19091339   30.137
2016354 121.78289434  25.19091337   30.136
2016355 121.78289442  25.19091344   30.119
2016356 121.78289434  25.19091341   30.139
2016357 121.78289441  25.19091343   30.131
2016358 121.78289439  25.19091345   30.137
2016359 121.78289439  25.19091344   30.141
2016360 121.78289442  25.19091343   30.128
2016361 121.78289442  25.19091340   30.123
2016362 121.78289441  25.19091339   30.132
2016363 121.78289435  25.19091338   30.143
2016364 121.78289434  25.19091338   30.132
2016365 121.78289436  25.19091339   30.133
2016366 121.78289436  25.19091336   30.135
2017001 121.78289435  25.19091340   30.137
2017002 121.78289437  25.19091340   30.135
2017003 121.78289438  25.19091339   30.128
2017004 121.78289438  25.19091339   30.136
2017005 121.78289439  25.19091341   30.121
2017006 121.78289438  25.19091340   30.125
2017007 121.78289439  25.19091340   30.125
2017008 121.78289438  25.19091340   30.133
2017009 121.78289440  25.19091341   30.130
2017010 121.78289442  25.19091342   30.123
2017011 121.78289440  25.19091340   30.136
2017012 121.78289444  25.19091342   30.136
2017013 121.78289444  25.19091344   30.135
2017014 121.78289442  25.19091340   30.129
2017015 121.78289441  25.19091344   30.135
2017016 121.78289440  25.19091342   30.132
2017017 121.78289442  25.19091341   30.134
2017018 121.78289440  25.19091340   30.135
2017019 121.78289440  25.19091340   30.132
2017020 121.78289443  25.19091339   30.124
2017021 121.78289443  25.19091336   30.131
2017022 121.78289440  25.19091340   30.128
2017023 121.78289442  25.19091338   30.130
2017024 121.78289444  25.19091338   30.133
2017025 121.78289438  25.19091336   30.132
2017026 121.78289438  25.19091335   30.131
2017027 121.78289438  25.19091337   30.144
2017028 121.78289437  25.19091338   30.144
2017029 121.78289438  25.19091339   30.135
2017030 121.78289439  25.19091337   30.127
2017031 121.78289446  25.19091341   30.138
2017032 121.78289440  25.19091339   30.129
2017033 121.78289439  25.19091336   30.136
2017034 121.78289440  25.19091337   30.144
2017035 121.78289440  25.19091335   30.137
2017036 121.78289444  25.19091339   30.131
2017037 121.78289439  25.19091338   30.135
2017038 121.78289439  25.19091338   30.136
2017039 121.78289444  25.19091338   30.130
2017040 121.78289446  25.19091339   30.134
2017041 121.78289446  25.19091339   30.136
2017042 121.78289443  25.19091339   30.134
2017043 121.78289440  25.19091335   30.135
2017044 121.78289439  25.19091337   30.134
2017045 121.78289439  25.19091338   30.133
2017046 121.78289441  25.19091336   30.131
2017047 121.78289440  25.19091337   30.131
2017048 121.78289440  25.19091338   30.135
2017049 121.78289439  25.19091337   30.133
2017050 121.78289447  25.19091340   30.141
2017051 121.78289440  25.19091337   30.127
2017052 121.78289449  25.19091338   30.127
2017053 121.78289448  25.19091340   30.140
2017054 121.78289445  25.19091342   30.128
2017055 121.78289449  25.19091343   30.133
2017056 121.78289445  25.19091344   30.118
2017057 121.78289448  25.19091340   30.129
2017058 121.78289446  25.19091340   30.130
2017059 121.78289444  25.19091338   30.131
2017060 121.78289441  25.19091338   30.138
2017061 121.78289443  25.19091336   30.136
2017062 121.78289444  25.19091340   30.137
2017063 121.78289442  25.19091336   30.131
2017064 121.78289444  25.19091340   30.130
2017065 121.78289441  25.19091337   30.132
2017066 121.78289443  25.19091337   30.134
2017067 121.78289449  25.19091340   30.132
2017068 121.78289448  25.19091342   30.134
2017069 121.78289450  25.19091341   30.136
2017070 121.78289448  25.19091342   30.133
2017071 121.78289453  25.19091342   30.131
2017072 121.78289451  25.19091340   30.128
2017073 121.78289442  25.19091337   30.139
2017074 121.78289443  25.19091339   30.135
2017075 121.78289443  25.19091339   30.134
2017076 121.78289444  25.19091337   30.132
2017077 121.78289442  25.19091338   30.129
2017078 121.78289449  25.19091342   30.128
2017079 121.78289451  25.19091340   30.134
2017080 121.78289444  25.19091336   30.131
2017081 121.78289444  25.19091338   30.138
2017082 121.78289445  25.19091338   30.133
2017083 121.78289446  25.19091337   30.128
2017084 121.78289444  25.19091338   30.124
2017085 121.78289446  25.19091336   30.137
2017086 121.78289445  25.19091339   30.137
2017087 121.78289452  25.19091337   30.131
2017088 121.78289452  25.19091340   30.135
2017089 121.78289453  25.19091338   30.134
2017090 121.78289447  25.19091341   30.132
2017091 121.78289454  25.19091336   30.130
2017092 121.78289450  25.19091339   30.134
2017093 121.78289451  25.19091336   30.140
2017094 121.78289447  25.19091337   30.132
2017095 121.78289455  25.19091336   30.140
2017096 121.78289446  25.19091337   30.144
2017097 121.78289447  25.19091336   30.135
2017098 121.78289448  25.19091339   30.130
2017099 121.78289447  25.19091337   30.125
2017100 121.78289442  25.19091338   30.139
2017101 121.78289454  25.19091344   30.137
2017102 121.78289449  25.19091341   30.137
2017103 121.78289451  25.19091341   30.138
2017104 121.78289451  25.19091342   30.128
2017105 121.78289455  25.19091339   30.130
2017106 121.78289450  25.19091341   30.129
2017107 121.78289460  25.19091345   30.140
2017108 121.78289453  25.19091341   30.142
2017109 121.78289454  25.19091341   30.116
2017110 121.78289448  25.19091336   30.131
2017111 121.78289451  25.19091341   30.136
2017112 121.78289450  25.19091341   30.130
2017113 121.78289454  25.19091340   30.136
2017114 121.78289457  25.19091339   30.133
2017115 121.78289450  25.19091342   30.135
2017116 121.78289453  25.19091340   30.128
2017117 121.78289453  25.19091338   30.130
2017118 121.78289452  25.19091340   30.145
2017119 121.78289454  25.19091342   30.134
2017120 121.78289451  25.19091338   30.129
2017121 121.78289451  25.19091343   30.134
2017122 121.78289452  25.19091338   30.133
2017123 121.78289446  25.19091336   30.130
2017124 121.78289448  25.19091337   30.134
2017125 121.78289444  25.19091338   30.151
2017126 121.78289443  25.19091338   30.135
2017127 121.78289448  25.19091339   30.135
2017128 121.78289438  25.19091342   30.133
2017129 121.78289445  25.19091338   30.142
2017130 121.78289451  25.19091341   30.128
2017131 121.78289454  25.19091342   30.131
2017132 121.78289461  25.19091337   30.120
2017133 121.78289454  25.19091344   30.134
2017134 121.78289454  25.19091339   30.132
2017135 121.78289458  25.19091340   30.134
2017136 121.78289453  25.19091342   30.132
2017137 121.78289452  25.19091348   30.133
2017138 121.78289454  25.19091340   30.125
2017139 121.78289453  25.19091341   30.134
2017140 121.78289459  25.19091339   30.130
2017141 121.78289454  25.19091342   30.144
2017142 121.78289456  25.19091342   30.125
2017143 121.78289453  25.19091339   30.129
2017144 121.78289455  25.19091339   30.125
2017145 121.78289457  25.19091340   30.127
2017146 121.78289452  25.19091343   30.137
2017147 121.78289454  25.19091339   30.126
2017148 121.78289454  25.19091337   30.143
2017149 121.78289457  25.19091340   30.134
2017150 121.78289454  25.19091342   30.137
2017151 121.78289461  25.19091340   30.138
2017152 121.78289459  25.19091336   30.150
2017153 121.78289452  25.19091347   30.103
2017154 121.78289457  25.19091340   30.122
2017155 121.78289459  25.19091342   30.132
2017156 121.78289455  25.19091338   30.134
2017157 121.78289457  25.19091344   30.126
2017158 121.78289452  25.19091339   30.126
2017159 121.78289456  25.19091338   30.127
2017160 121.78289453  25.19091337   30.127
2017161 121.78289454  25.19091338   30.124
2017162 121.78289460  25.19091339   30.143
2017163 121.78289460  25.19091335   30.130
2017164 121.78289468  25.19091336   30.122
2017165 121.78289458  25.19091340   30.131
2017166 121.78289456  25.19091344   30.132
2017167 121.78289459  25.19091339   30.128
2017168 121.78289460  25.19091340   30.129
2017169 121.78289458  25.19091338   30.134
2017170 121.78289460  25.19091341   30.134
2017171 121.78289449  25.19091336   30.127
2017172 121.78289450  25.19091337   30.138
2017173 121.78289457  25.19091338   30.125
2017174 121.78289447  25.19091338   30.155
2017175 121.78289448  25.19091338   30.141
2017176 121.78289451  25.19091338   30.128
2017177 121.78289453  25.19091333   30.135
2017178 121.78289449  25.19091335   30.133
2017179 121.78289453  25.19091335   30.140
2017180 121.78289459  25.19091339   30.134
2017181 121.78289460  25.19091341   30.130
2017182 121.78289461  25.19091339   30.136
2017183 121.78289458  25.19091338   30.114
2017184 121.78289463  25.19091341   30.119
2017185 121.78289461  25.19091334   30.128
2017186 121.78289458  25.19091337   30.139
2017187 121.78289449  25.19091336   30.138
2017188 121.78289455  25.19091335   30.140
2017189 121.78289452  25.19091337   30.135
2017190 121.78289453  25.19091335   30.131
2017191 121.78289459  25.19091339   30.134
2017192 121.78289465  25.19091337   30.139
2017193 121.78289457  25.19091337   30.139
2017194 121.78289457  25.19091335   30.123
2017195 121.78289460  25.19091336   30.124
2017196 121.78289462  25.19091335   30.125
2017197 121.78289464  25.19091331   30.123
2017198 121.78289459  25.19091332   30.137
2017199 121.78289458  25.19091333   30.129
2017200 121.78289454  25.19091333   30.137
2017201 121.78289456  25.19091331   30.132
2017202 121.78289454  25.19091332   30.137
2017203 121.78289456  25.19091334   30.124
2017204 121.78289458  25.19091334   30.127
2017205 121.78289454  25.19091333   30.129
2017206 121.78289454  25.19091332   30.138
2017207 121.78289454  25.19091332   30.146
2017208 121.78289453  25.19091333   30.127
2017209 121.78289460  25.19091335   30.116
2017210 121.78289461  25.19091330   30.117
2017211 121.78289466  25.19091331   30.112
2017212 121.78289464  25.19091338   30.134
2017213 121.78289466  25.19091337   30.119
2017214 121.78289466  25.19091339   30.120
2017215 121.78289456  25.19091335   30.122
2017216 121.78289454  25.19091335   30.113
2017217 121.78289456  25.19091335   30.129
2017218 121.78289456  25.19091332   30.145
2017219 121.78289461  25.19091333   30.131
2017220 121.78289456  25.19091333   30.136
2017221 121.78289462  25.19091335   30.142
2017222 121.78289456  25.19091337   30.141
2017223 121.78289463  25.19091336   30.129
2017224 121.78289457  25.19091335   30.130
2017225 121.78289461  25.19091338   30.128
2017226 121.78289462  25.19091340   30.143
2017227 121.78289458  25.19091335   30.131
2017228 121.78289464  25.19091335   30.119
2017229 121.78289457  25.19091334   30.122
2017230 121.78289459  25.19091330   30.129
2017231 121.78289451  25.19091333   30.128
2017232 121.78289464  25.19091337   30.136
2017233 121.78289464  25.19091337   30.138
2017234 121.78289456  25.19091333   30.166
2017235 121.78289456  25.19091331   30.121
2017236 121.78289457  25.19091332   30.132
2017237 121.78289460  25.19091334   30.134
2017238 121.78289461  25.19091333   30.136
2017239 121.78289461  25.19091332   30.117
2017240 121.78289458  25.19091332   30.127
2017241 121.78289457  25.19091327   30.127
2017242 121.78289462  25.19091336   30.139
2017243 121.78289464  25.19091336   30.117
2017244 121.78289464  25.19091338   30.125
2017245 121.78289464  25.19091336   30.125
2017246 121.78289467  25.19091336   30.121
2017247 121.78289466  25.19091332   30.121
2017248 121.78289461  25.19091335   30.137
2017249 121.78289464  25.19091340   30.124
2017250 121.78289467  25.19091335   30.124
2017251 121.78289464  25.19091336   30.137
2017252 121.78289467  25.19091338   30.121
2017253 121.78289462  25.19091339   30.125
2017254 121.78289465  25.19091336   30.126
2017255 121.78289466  25.19091335   30.108
2017256 121.78289463  25.19091335   30.127
2017257 121.78289464  25.19091332   30.136
2017258 121.78289464  25.19091332   30.121
2017259 121.78289463  25.19091334   30.119
2017260 121.78289461  25.19091338   30.125
2017261 121.78289466  25.19091336   30.122
2017262 121.78289465  25.19091337   30.121
2017263 121.78289461  25.19091339   30.126
2017264 121.78289464  25.19091337   30.121
2017265 121.78289458  25.19091337   30.123
2017266 121.78289465  25.19091332   30.128
2017267 121.78289464  25.19091335   30.131
2017268 121.78289469  25.19091332   30.124
2017269 121.78289463  25.19091335   30.127
2017270 121.78289469  25.19091333   30.123
2017271 121.78289473  25.19091333   30.131
2017272 121.78289467  25.19091336   30.131
2017273 121.78289464  25.19091332   30.125
2017274 121.78289468  25.19091336   30.121
2017275 121.78289467  25.19091334   30.122
2017276 121.78289467  25.19091334   30.127
2017277 121.78289463  25.19091331   30.113
2017278 121.78289461  25.19091334   30.121
2017279 121.78289463  25.19091332   30.150
2017280 121.78289463  25.19091328   30.124
2017281 121.78289463  25.19091331   30.125
2017282 121.78289464  25.19091331   30.125
2017283 121.78289464  25.19091332   30.120
2017284 121.78289464  25.19091331   30.117
2017285 121.78289462  25.19091330   30.129
2017286 121.78289465  25.19091331   30.122
2017287 121.78289464  25.19091335   30.142
2017288 121.78289469  25.19091330   30.135
2017289 121.78289466  25.19091331   30.136
2017290 121.78289464  25.19091328   30.121
2017291 121.78289468  25.19091328   30.135
2017292 121.78289468  25.19091333   30.125
2017293 121.78289467  25.19091332   30.129
2017294 121.78289467  25.19091335   30.129
2017295 121.78289468  25.19091333   30.120
2017296 121.78289468  25.19091332   30.127
2017297 121.78289467  25.19091335   30.129
2017298 121.78289472  25.19091332   30.131
2017299 121.78289469  25.19091332   30.132
2017300 121.78289467  25.19091333   30.127
2017301 121.78289464  25.19091330   30.128
2017302 121.78289465  25.19091330   30.129
2017303 121.78289464  25.19091330   30.129
2017304 121.78289467  25.19091331   30.132
