2016306 121.47128324  22.67344892   43.165
2016307 121.47128322  22.67344894   43.172
2016308 121.47128322  22.67344895   43.181
2016309 121.47128327  22.67344893   43.163
2016310 121.47128323  22.67344895   43.177
2016311 121.47128321  22.67344893   43.173
2016312 121.47128320  22.67344896   43.171
2016313 121.47128319  22.67344895   43.176
2016314 121.47128320  22.67344895   43.174
2016315 121.47128321  22.67344893   43.173
2016316 121.47128318  22.67344895   43.172
2016317 121.47128326  22.67344895   43.172
2016318 121.47128323  22.67344896   43.167
2016319 121.47128327  22.67344893   43.162
2016320 121.47128324  22.67344891   43.176
2016321 121.47128323  22.67344895   43.169
2016322 121.47128326  22.67344894   43.174
2016323 121.47128326  22.67344896   43.161
2016324 121.47128321  22.67344900   43.164
2016325 121.47128324  22.67344897   43.177
2016326 121.47128323  22.67344895   43.160
2016327 121.47128321  22.67344896   43.177
2016328 121.47128319  22.67344896   43.179
2016329 121.47128318  22.67344896   43.173
2016330 121.47128318  22.67344898   43.168
2016331 121.47128324  22.67344899   43.176
2016332 121.47128320  22.67344896   43.178
2016333 121.47128322  22.67344898   43.168
2016334 121.47128321  22.67344899   43.167
2016335 121.47128321  22.67344897   43.159
2016336 121.47128319  22.67344897   43.168
2016337 121.47128323  22.67344896   43.164
2016338 121.47128324  22.67344898   43.167
2016339 121.47128324  22.67344896   43.157
2016340 121.47128324  22.67344898   43.164
2016341 121.47128321  22.67344898   43.170
2016342 121.47128317  22.67344895   43.176
2016343 121.47128319  22.67344897   43.175
2016344 121.47128315  22.67344899   43.185
2016345 121.47128316  22.67344896   43.157
2016346 121.47128320  22.67344897   43.170
2016347 121.47128325  22.67344897   43.169
2016348 121.47128322  22.67344898   43.156
2016349 121.47128318  22.67344899   43.170
2016350 121.47128313  22.67344896   43.173
2016351 121.47128314  22.67344895   43.173
2016352 121.47128313  22.67344897   43.169
2016353 121.47128316  22.67344896   43.170
2016354 121.47128316  22.67344896   43.165
2016355 121.47128320  22.67344902   43.149
2016356 121.47128318  22.67344896   43.168
2016357 121.47128320  22.67344900   43.168
2016358 121.47128318  22.67344901   43.172
2016359 121.47128319  22.67344902   43.174
2016360 121.47128321  22.67344900   43.164
2016361 121.47128316  22.67344900   43.167
2016362 121.47128319  22.67344896   43.170
2016363 121.47128312  22.67344896   43.175
2016364 121.47128312  22.67344896   43.173
2016365 121.47128313  22.67344899   43.170
2016366 121.47128313  22.67344895   43.174
2017001 121.47128314  22.67344899   43.179
2017002 121.47128315  22.67344898   43.177
2017003 121.47128314  22.67344899   43.173
2017004 121.47128314  22.67344899   43.167
2017005 121.47128318  22.67344899   43.162
2017006 121.47128317  22.67344898   43.159
2017007 121.47128314  22.67344898   43.168
2017008 121.47128313  22.67344898   43.168
2017009 121.47128314  22.67344900   43.163
2017010 121.47128317  22.67344900   43.158
2017011 121.47128315  22.67344902   43.177
2017012 121.47128318  22.67344901   43.163
2017013 121.47128317  22.67344902   43.166
2017014 121.47128313  22.67344901   43.173
2017015 121.47128314  22.67344902   43.172
2017016 121.47128312  22.67344900   43.169
2017017 121.47128315  22.67344903   43.175
2017018 121.47128314  22.67344904   43.175
2017019 121.47128314  22.67344901   43.156
2017020 121.47128316  22.67344900   43.165
2017021 121.47128316  22.67344898   43.163
2017022 121.47128313  22.67344900   43.167
2017023 121.47128313  22.67344899   43.166
2017024 121.47128316  22.67344899   43.169
2017025 121.47128308  22.67344900   43.165
2017026 121.47128309  22.67344900   43.173
2017027 121.47128309  22.67344899   43.172
2017028 121.47128310  22.67344901   43.171
2017029 121.47128311  22.67344901   43.166
2017030 121.47128309  22.67344901   43.172
2017031 121.47128319  22.67344903   43.169
2017032 121.47128312  22.67344903   43.173
2017033 121.47128311  22.67344901   43.170
2017034 121.47128311  22.67344900   43.174
2017035 121.47128309  22.67344899   43.167
2017036 121.47128314  22.67344902   43.170
2017037 121.47128310  22.67344901   43.166
2017038 121.47128309  22.67344901   43.172
2017039 121.47128316  22.67344903   43.170
2017040 121.47128316  22.67344901   43.170
2017041 121.47128315  22.67344902   43.173
2017042 121.47128312  22.67344904   43.170
2017043 121.47128309  22.67344899   43.170
2017044 121.47128310  22.67344900   43.174
2017045 121.47128308  22.67344902   43.167
2017046 121.47128312  22.67344899   43.163
2017047 121.47128308  22.67344899   43.159
2017048 121.47128309  22.67344900   43.165
2017049 121.47128309  22.67344900   43.168
2017050 121.47128316  22.67344905   43.166
2017051 121.47128311  22.67344901   43.162
2017052 121.47128315  22.67344902   43.167
2017053 121.47128316  22.67344905   43.161
2017054 121.47128311  22.67344906   43.168
2017055 121.47128313  22.67344906   43.165
2017056 121.47128313  22.67344907   43.159
2017057 121.47128313  22.67344905   43.166
2017058 121.47128316  22.67344906   43.160
2017059 121.47128309  22.67344905   43.167
2017060 121.47128310  22.67344901   43.173
2017061 121.47128309  22.67344902   43.169
2017062 121.47128311  22.67344905   43.170
2017063 121.47128311  22.67344902   43.157
2017064 121.47128310  22.67344905   43.153
2017065 121.47128306  22.67344903   43.169
2017066 121.47128308  22.67344903   43.169
2017067 121.47128313  22.67344905   43.167
2017068 121.47128314  22.67344908   43.165
2017069 121.47128313  22.67344908   43.165
2017070 121.47128315  22.67344906   43.167
2017071 121.47128319  22.67344905   43.170
2017072 121.47128313  22.67344906   43.165
2017073 121.47128308  22.67344904   43.170
2017074 121.47128308  22.67344904   43.165
2017075 121.47128310  22.67344904   43.165
2017076 121.47128309  22.67344903   43.167
2017077 121.47128310  22.67344903   43.169
2017078 121.47128314  22.67344905   43.154
2017079 121.47128315  22.67344906   43.168
2017080 121.47128307  22.67344903   43.170
2017081 121.47128309  22.67344904   43.164
2017082 121.47128309  22.67344904   43.164
2017083 121.47128308  22.67344904   43.164
2017084 121.47128307  22.67344905   43.169
2017085 121.47128307  22.67344905   43.168
2017086 121.47128308  22.67344906   43.167
2017087 121.47128314  22.67344905   43.173
2017088 121.47128315  22.67344909   43.173
2017089 121.47128314  22.67344908   43.161
2017090 121.47128314  22.67344907   43.163
2017091 121.47128312  22.67344905   43.167
2017092 121.47128310  22.67344906   43.169
2017093 121.47128311  22.67344905   43.169
2017094 121.47128306  22.67344906   43.159
2017095 121.47128307  22.67344905   43.170
2017096 121.47128306  22.67344907   43.166
2017097 121.47128309  22.67344905   43.166
2017098 121.47128308  22.67344905   43.168
2017099 121.47128306  22.67344907   43.159
2017100 121.47128306  22.67344906   43.159
2017101 121.47128315  22.67344908   43.155
2017102 121.47128310  22.67344908   43.161
2017103 121.47128314  22.67344907   43.162
2017104 121.47128310  22.67344910   43.166
2017105 121.47128312  22.67344906   43.163
2017106 121.47128314  22.67344909   43.152
2017107 121.47128317  22.67344912   43.155
2017108 121.47128313  22.67344908   43.147
2017109 121.47128308  22.67344912   43.164
2017110 121.47128306  22.67344905   43.166
2017111 121.47128311  22.67344910   43.155
2017112 121.47128309  22.67344910   43.174
2017113 121.47128310  22.67344910   43.168
2017114 121.47128311  22.67344909   43.165
2017115 121.47128311  22.67344910   43.167
2017116 121.47128309  22.67344910   43.160
2017117 121.47128307  22.67344908   43.166
2017118 121.47128308  22.67344909   43.164
2017119 121.47128309  22.67344910   43.163
2017120 121.47128310  22.67344908   43.158
2017121 121.47128308  22.67344911   43.168
2017122 121.47128311  22.67344908   43.162
2017123 121.47128308  22.67344907   43.162
2017124 121.47128305  22.67344907   43.163
2017125 121.47128300  22.67344908   43.165
2017126 121.47128301  22.67344907   43.152
2017127 121.47128301  22.67344909   43.168
2017128 121.47128295  22.67344908   43.162
2017129 121.47128304  22.67344906   43.182
2017130 121.47128308  22.67344911   43.169
2017131 121.47128309  22.67344911   43.159
2017132 121.47128311  22.67344913   43.158
2017133 121.47128308  22.67344913   43.175
2017134 121.47128310  22.67344908   43.166
2017135 121.47128309  22.67344910   43.175
2017136 121.47128307  22.67344912   43.166
2017137 121.47128306  22.67344912   43.170
2017138 121.47128308  22.67344911   43.175
2017139 121.47128306  22.67344913   43.166
2017140 121.47128310  22.67344913   43.162
2017141 121.47128307  22.67344914   43.175
2017142 121.47128308  22.67344913   43.163
2017143 121.47128306  22.67344911   43.162
2017144 121.47128310  22.67344907   43.163
2017145 121.47128309  22.67344912   43.167
2017146 121.47128306  22.67344915   43.166
2017147 121.47128305  22.67344912   43.165
2017148 121.47128304  22.67344910   43.166
2017149 121.47128308  22.67344915   43.164
2017150 121.47128304  22.67344916   43.163
2017151 121.47128312  22.67344913   43.161
2017152 121.47128307  22.67344916   43.171
2017153 121.47128307  22.67344916   43.160
2017154 121.47128309  22.67344916   43.173
2017155 121.47128311  22.67344914   43.171
2017156 121.47128306  22.67344913   43.165
2017157 121.47128306  22.67344918   43.151
2017158 121.47128304  22.67344912   43.162
2017159 121.47128308  22.67344905   43.180
2017160 121.47128301  22.67344916   43.162
2017161 121.47128308  22.67344914   43.155
2017162 121.47128309  22.67344912   43.162
2017163 121.47128312  22.67344913   43.164
2017164 121.47128308  22.67344914   43.161
2017165 121.47128306  22.67344914   43.171
2017166 121.47128305  22.67344915   43.162
2017167 121.47128304  22.67344914   43.160
2017168 121.47128307  22.67344911   43.181
2017169 121.47128303  22.67344913   43.169
2017170 121.47128311  22.67344913   43.163
2017171 121.47128298  22.67344913   43.158
2017172 121.47128298  22.67344915   43.156
2017173 121.47128308  22.67344915   43.159
2017174 121.47128301  22.67344912   43.163
2017175 121.47128301  22.67344911   43.164
2017176 121.47128300  22.67344913   43.153
2017177 121.47128300  22.67344912   43.165
2017178 121.47128297  22.67344913   43.172
2017179 121.47128300  22.67344914   43.168
2017180 121.47128308  22.67344913   43.161
2017181 121.47128306  22.67344917   43.159
2017182 121.47128311  22.67344916   43.160
2017183 121.47128306  22.67344919   43.156
2017184 121.47128306  22.67344921   43.145
2017185 121.47128307  22.67344912   43.167
2017186 121.47128304  22.67344914   43.165
2017187 121.47128298  22.67344912   43.159
2017188 121.47128304  22.67344913   43.169
2017189 121.47128295  22.67344913   43.171
2017190 121.47128293  22.67344912   43.151
2017191 121.47128304  22.67344918   43.164
2017192 121.47128303  22.67344916   43.173
2017193 121.47128299  22.67344915   43.170
2017194 121.47128301  22.67344915   43.167
2017195 121.47128303  22.67344913   43.153
2017196 121.47128303  22.67344917   43.147
2017197 121.47128301  22.67344917   43.167
2017198 121.47128301  22.67344913   43.166
2017199 121.47128302  22.67344915   43.162
2017200 121.47128297  22.67344914   43.170
2017201 121.47128298  22.67344915   43.171
2017202 121.47128295  22.67344911   43.177
2017203 121.47128296  22.67344913   43.166
2017204 121.47128298  22.67344914   43.163
2017205 121.47128296  22.67344916   43.162
2017206 121.47128297  22.67344914   43.157
2017207 121.47128293  22.67344913   43.177
2017208 121.47128295  22.67344915   43.163
2017209 121.47128298  22.67344917   43.165
2017210 121.47128299  22.67344919   43.170
2017211 121.47128303  22.67344917   43.165
2017212 121.47128300  22.67344920   43.165
2017213 121.47128306  22.67344918   43.152
2017214 121.47128306  22.67344919   43.149
2017215 121.47128297  22.67344916   43.157
2017216 121.47128295  22.67344915   43.165
2017217 121.47128300  22.67344915   43.159
2017218 121.47128297  22.67344919   43.169
2017219 121.47128300  22.67344918   43.155
2017220 121.47128295  22.67344916   43.160
2017221 121.47128296  22.67344916   43.162
2017222 121.47128297  22.67344917   43.157
2017223 121.47128303  22.67344918   43.159
2017224 121.47128299  22.67344918   43.160
2017225 121.47128302  22.67344919   43.149
2017226 121.47128301  22.67344921   43.151
2017227 121.47128298  22.67344916   43.157
2017228 121.47128301  22.67344913   43.152
2017229 121.47128288  22.67344917   43.158
2017230 121.47128297  22.67344917   43.156
2017231 121.47128289  22.67344917   43.164
2017232 121.47128290  22.67344920   43.166
2017233 121.47128297  22.67344917   43.162
2017234 121.47128292  22.67344916   43.161
2017235 121.47128294  22.67344918   43.169
2017236 121.47128291  22.67344917   43.164
2017237 121.47128292  22.67344919   43.165
2017238 121.47128295  22.67344914   43.145
2017239 121.47128294  22.67344914   43.153
2017240 121.47128287  22.67344918   43.160
2017241 121.47128290  22.67344912   43.171
2017242 121.47128292  22.67344922   43.153
2017243 121.47128295  22.67344918   43.174
2017244 121.47128296  22.67344915   43.166
2017245 121.47128299  22.67344920   43.165
2017246 121.47128303  22.67344920   43.164
2017247 121.47128298  22.67344919   43.155
2017248 121.47128293  22.67344922   43.176
2017249 121.47128296  22.67344924   43.159
2017250 121.47128295  22.67344921   43.155
2017251 121.47128297  22.67344921   43.165
2017252 121.47128299  22.67344920   43.160
2017253 121.47128293  22.67344925   43.162
2017254 121.47128295  22.67344921   43.153
2017255 121.47128294  22.67344917   43.155
2017256 121.47128295  22.67344920   43.162
2017257 121.47128296  22.67344918   43.171
2017258 121.47128294  22.67344919   43.167
2017259 121.47128293  22.67344921   43.180
2017260 121.47128294  22.67344920   43.164
2017261 121.47128294  22.67344922   43.164
2017262 121.47128297  22.67344926   43.178
2017263 121.47128293  22.67344921   43.175
2017264 121.47128293  22.67344920   43.156
2017265 121.47128296  22.67344917   43.152
2017266 121.47128294  22.67344922   43.162
2017267 121.47128301  22.67344919   43.167
2017268 121.47128296  22.67344919   43.153
2017269 121.47128295  22.67344923   43.159
2017270 121.47128296  22.67344920   43.156
2017271 121.47128293  22.67344922   43.151
2017272 121.47128298  22.67344925   43.168
2017273 121.47128294  22.67344920   43.159
2017274 121.47128291  22.67344925   43.166
2017275 121.47128294  22.67344923   43.165
2017276 121.47128295  22.67344918   43.151
2017277 121.47128292  22.67344918   43.167
2017278 121.47128287  22.67344918   43.166
2017279 121.47128289  22.67344918   43.180
2017280 121.47128288  22.67344922   43.171
2017281 121.47128281  22.67344920   43.177
2017282 121.47128289  22.67344920   43.146
2017283 121.47128288  22.67344928   43.151
2017284 121.47128286  22.67344923   43.168
2017285 121.47128288  22.67344917   43.167
2017286 121.47128291  22.67344917   43.170
2017287 121.47128292  22.67344926   43.173
2017288 121.47128306  22.67344920   43.150
2017289 121.47128291  22.67344924   43.152
2017290 121.47128285  22.67344924   43.156
2017291 121.47128289  22.67344922   43.179
2017292 121.47128291  22.67344925   43.166
2017293 121.47128292  22.67344923   43.166
2017294 121.47128290  22.67344924   43.171
2017295 121.47128292  22.67344921   43.156
2017296 121.47128288  22.67344924   43.167
2017297 121.47128291  22.67344922   43.169
2017298 121.47128292  22.67344923   43.167
2017299 121.47128290  22.67344924   43.174
2017300 121.47128291  22.67344922   43.168
2017301 121.47128289  22.67344920   43.168
2017302 121.47128286  22.67344921   43.170
2017303 121.47128287  22.67344923   43.181
2017304 121.47128286  22.67344922   43.176
