2016306 121.56244025  22.01929815   47.508
2016307 121.56244023  22.01929819   47.516
2016308 121.56244022  22.01929813   47.525
2016309 121.56244029  22.01929814   47.524
2016310 121.56244028  22.01929815   47.548
2016311 121.56244023  22.01929814   47.525
2016312 121.56244020  22.01929817   47.534
2016313 121.56244024  22.01929817   47.524
2016314 121.56244022  22.01929818   47.526
2016315 121.56244022  22.01929814   47.524
2016316 121.56244022  22.01929818   47.528
2016317 121.56244031  22.01929818   47.526
2016318 121.56244027  22.01929820   47.531
2016319 121.56244030  22.01929817   47.531
2016320 121.56244018  22.01929815   47.543
2016321 121.56244023  22.01929820   47.531
2016322 121.56244023  22.01929820   47.553
2016323 121.56244024  22.01929822   47.534
2016324 121.56244026  22.01929824   47.532
2016325 121.56244028  22.01929820   47.529
2016326 121.56244029  22.01929818   47.504
2016327 121.56244028  22.01929817   47.538
2016328 121.56244024  22.01929819   47.530
2016329 121.56244023  22.01929822   47.523
2016330 121.56244023  22.01929821   47.513
2016331 121.56244030  22.01929821   47.522
2016332 121.56244026  22.01929819   47.522
2016333 121.56244026  22.01929821   47.517
2016334 121.56244024  22.01929823   47.518
2016341 121.56244025  22.01929821   47.531
2016342 121.56244021  22.01929818   47.528
2016343 121.56244020  22.01929817   47.525
2016344 121.56244022  22.01929822   47.527
2016345 121.56244017  22.01929819   47.507
2016346 121.56244025  22.01929821   47.521
2016347 121.56244029  22.01929821   47.523
2016348 121.56244024  22.01929819   47.526
2016349 121.56244020  22.01929820   47.514
2016350 121.56244016  22.01929819   47.514
2016351 121.56244020  22.01929819   47.520
2016352 121.56244020  22.01929822   47.514
2016353 121.56244017  22.01929819   47.517
2016354 121.56244018  22.01929821   47.525
2016355 121.56244027  22.01929822   47.520
2016356 121.56244025  22.01929820   47.522
2016357 121.56244024  22.01929821   47.518
2016358 121.56244024  22.01929827   47.521
2016359 121.56244026  22.01929827   47.526
2016360 121.56244024  22.01929826   47.521
2016361 121.56244021  22.01929820   47.526
2016362 121.56244026  22.01929821   47.522
2016363 121.56244019  22.01929819   47.526
2016364 121.56244020  22.01929822   47.519
2016365 121.56244019  22.01929823   47.525
2016366 121.56244017  22.01929819   47.526
2017001 121.56244021  22.01929823   47.532
2017002 121.56244022  22.01929824   47.529
2017003 121.56244022  22.01929823   47.523
2017004 121.56244021  22.01929824   47.526
2017005 121.56244024  22.01929824   47.509
2017006 121.56244025  22.01929823   47.515
2017007 121.56244025  22.01929822   47.516
2017008 121.56244017  22.01929822   47.521
2017009 121.56244022  22.01929823   47.523
2017010 121.56244019  22.01929822   47.517
2017011 121.56244022  22.01929824   47.530
2017012 121.56244028  22.01929829   47.524
2017013 121.56244021  22.01929825   47.523
2017014 121.56244020  22.01929826   47.522
2017015 121.56244017  22.01929826   47.527
2017016 121.56244018  22.01929826   47.533
2017017 121.56244024  22.01929826   47.531
2017018 121.56244022  22.01929829   47.525
2017019 121.56244022  22.01929822   47.522
2017020 121.56244020  22.01929822   47.510
2017021 121.56244022  22.01929821   47.521
2017022 121.56244020  22.01929825   47.516
2017023 121.56244019  22.01929823   47.515
2017024 121.56244022  22.01929824   47.533
2017025 121.56244011  22.01929822   47.525
2017026 121.56244011  22.01929823   47.532
2017027 121.56244012  22.01929818   47.520
2017028 121.56244017  22.01929826   47.527
2017029 121.56244019  22.01929825   47.519
2017030 121.56244011  22.01929824   47.526
2017031 121.56244022  22.01929825   47.521
2017032 121.56244016  22.01929826   47.520
2017033 121.56244015  22.01929825   47.524
2017034 121.56244018  22.01929824   47.527
2017035 121.56244019  22.01929826   47.522
2017036 121.56244014  22.01929825   47.514
2017037 121.56244014  22.01929825   47.525
2017038 121.56244015  22.01929827   47.534
2017039 121.56244022  22.01929828   47.525
2017040 121.56244021  22.01929825   47.518
2017041 121.56244022  22.01929827   47.517
2017042 121.56244018  22.01929829   47.519
2017043 121.56244015  22.01929824   47.516
2017044 121.56244016  22.01929824   47.522
2017045 121.56244015  22.01929827   47.526
2017046 121.56244017  22.01929824   47.518
2017047 121.56244019  22.01929826   47.519
2017048 121.56244013  22.01929822   47.515
2017049 121.56244008  22.01929820   47.522
2017050 121.56244020  22.01929831   47.515
2017051 121.56244009  22.01929825   47.512
2017052 121.56244019  22.01929825   47.525
2017053 121.56244023  22.01929832   47.514
2017054 121.56244017  22.01929830   47.525
2017055 121.56244018  22.01929829   47.522
2017056 121.56244020  22.01929831   47.516
2017057 121.56244018  22.01929828   47.525
2017058 121.56244018  22.01929828   47.514
2017059 121.56244015  22.01929827   47.527
2017060 121.56244014  22.01929824   47.527
2017061 121.56244013  22.01929825   47.519
2017062 121.56244020  22.01929829   47.527
2017063 121.56244017  22.01929827   47.513
2017064 121.56244018  22.01929830   47.514
2017065 121.56244010  22.01929825   47.522
2017066 121.56244014  22.01929829   47.517
2017067 121.56244017  22.01929831   47.514
2017068 121.56244020  22.01929834   47.525
2017069 121.56244019  22.01929832   47.522
2017070 121.56244019  22.01929830   47.525
2017071 121.56244026  22.01929831   47.512
2017072 121.56244023  22.01929834   47.504
2017073 121.56244015  22.01929828   47.521
2017074 121.56244016  22.01929830   47.521
2017075 121.56244017  22.01929830   47.514
2017076 121.56244011  22.01929827   47.524
2017077 121.56244015  22.01929829   47.523
2017078 121.56244021  22.01929830   47.507
2017079 121.56244022  22.01929831   47.518
2017080 121.56244011  22.01929827   47.522
2017081 121.56244014  22.01929832   47.538
2017082 121.56244013  22.01929829   47.523
2017083 121.56244016  22.01929830   47.521
2017084 121.56244011  22.01929828   47.522
2017085 121.56244012  22.01929827   47.518
2017086 121.56244010  22.01929828   47.533
2017087 121.56244019  22.01929829   47.526
2017088 121.56244020  22.01929835   47.513
2017089 121.56244019  22.01929831   47.512
2017090 121.56244016  22.01929833   47.510
2017091 121.56244019  22.01929831   47.519
2017092 121.56244015  22.01929832   47.519
2017093 121.56244018  22.01929830   47.526
2017094 121.56244012  22.01929829   47.516
2017095 121.56244012  22.01929829   47.509
2017096 121.56244011  22.01929832   47.522
2017097 121.56244012  22.01929833   47.518
2017098 121.56244011  22.01929834   47.521
2017099 121.56244013  22.01929833   47.510
2017100 121.56244012  22.01929834   47.504
2017101 121.56244021  22.01929833   47.514
2017102 121.56244017  22.01929831   47.522
2017103 121.56244020  22.01929832   47.509
2017104 121.56244017  22.01929834   47.516
2017105 121.56244019  22.01929832   47.506
2017106 121.56244018  22.01929834   47.498
2017107 121.56244020  22.01929839   47.505
2017108 121.56244019  22.01929834   47.494
2017109 121.56244014  22.01929836   47.512
2017110 121.56244008  22.01929829   47.516
2017111 121.56244014  22.01929831   47.523
2017112 121.56244014  22.01929835   47.509
2017113 121.56244017  22.01929834   47.517
2017114 121.56244015  22.01929832   47.513
2017115 121.56244016  22.01929836   47.513
2017116 121.56244012  22.01929836   47.508
2017117 121.56244009  22.01929833   47.520
2017118 121.56244014  22.01929835   47.515
2017119 121.56244014  22.01929835   47.522
2017120 121.56244016  22.01929832   47.509
2017121 121.56244011  22.01929835   47.523
2017122 121.56244017  22.01929835   47.506
2017123 121.56244013  22.01929833   47.515
2017124 121.56244010  22.01929834   47.519
2017125 121.56244010  22.01929834   47.515
2017126 121.56244010  22.01929835   47.514
2017127 121.56244006  22.01929831   47.519
2017128 121.56244000  22.01929835   47.510
2017129 121.56244011  22.01929832   47.522
2017130 121.56244012  22.01929832   47.511
2017131 121.56244009  22.01929836   47.506
2017132 121.56244015  22.01929837   47.515
2017133 121.56244011  22.01929836   47.507
2017134 121.56244009  22.01929832   47.524
2017135 121.56244013  22.01929837   47.514
2017136 121.56244012  22.01929837   47.513
2017137 121.56244007  22.01929835   47.520
2017138 121.56244010  22.01929831   47.537
2017139 121.56244008  22.01929836   47.522
2017140 121.56244010  22.01929833   47.516
2017141 121.56244009  22.01929838   47.526
2017142 121.56244012  22.01929837   47.514
2017143 121.56244011  22.01929842   47.534
2017144 121.56244010  22.01929829   47.514
2017145 121.56244010  22.01929835   47.511
2017146 121.56244004  22.01929839   47.524
2017147 121.56244006  22.01929835   47.519
2017148 121.56244003  22.01929830   47.519
2017149 121.56244011  22.01929840   47.505
2017150 121.56244011  22.01929842   47.517
2017151 121.56244013  22.01929841   47.499
2017152 121.56244016  22.01929841   47.511
2017153 121.56244014  22.01929840   47.505
2017154 121.56244016  22.01929838   47.515
2017155 121.56244015  22.01929839   47.514
2017156 121.56244010  22.01929840   47.513
2017157 121.56244010  22.01929844   47.501
2017158 121.56244008  22.01929838   47.515
2017159 121.56244008  22.01929836   47.509
2017160 121.56244005  22.01929841   47.514
2017161 121.56244011  22.01929840   47.503
2017162 121.56244012  22.01929838   47.505
2017163 121.56244013  22.01929837   47.506
2017164 121.56244010  22.01929840   47.504
2017165 121.56244015  22.01929841   47.513
2017166 121.56244010  22.01929843   47.507
2017167 121.56244013  22.01929836   47.508
2017168 121.56244015  22.01929842   47.506
2017169 121.56244009  22.01929836   47.530
2017170 121.56244011  22.01929840   47.495
2017171 121.56244002  22.01929838   47.512
2017172 121.56244002  22.01929839   47.503
2017173 121.56244009  22.01929841   47.503
2017174 121.56244004  22.01929841   47.508
2017175 121.56244003  22.01929840   47.504
2017176 121.56244001  22.01929841   47.498
2017177 121.56244003  22.01929835   47.520
2017178 121.56244001  22.01929836   47.510
2017179 121.56244006  22.01929841   47.516
2017180 121.56244012  22.01929842   47.509
2017181 121.56244012  22.01929841   47.512
2017182 121.56244014  22.01929841   47.510
2017183 121.56244012  22.01929842   47.507
2017184 121.56244009  22.01929846   47.504
2017185 121.56244012  22.01929838   47.516
2017186 121.56244010  22.01929839   47.512
2017187 121.56244002  22.01929839   47.518
2017188 121.56244010  22.01929840   47.514
2017189 121.56244004  22.01929837   47.522
2017190 121.56243998  22.01929837   47.514
2017191 121.56244009  22.01929843   47.518
2017192 121.56244008  22.01929841   47.519
2017193 121.56244005  22.01929842   47.510
2017194 121.56244005  22.01929841   47.509
2017195 121.56244003  22.01929834   47.504
2017196 121.56244005  22.01929841   47.507
2017197 121.56244001  22.01929837   47.510
2017198 121.56244004  22.01929836   47.516
2017199 121.56244006  22.01929838   47.502
2017200 121.56244003  22.01929839   47.511
2017201 121.56243999  22.01929841   47.529
2017202 121.56243994  22.01929835   47.527
2017203 121.56244000  22.01929836   47.513
2017204 121.56244003  22.01929839   47.514
2017205 121.56244001  22.01929842   47.509
2017206 121.56244001  22.01929839   47.516
2017207 121.56243998  22.01929836   47.526
2017208 121.56243992  22.01929837   47.511
2017209 121.56243995  22.01929839   47.497
2017210 121.56244003  22.01929842   47.512
2017211 121.56244010  22.01929839   47.505
2017212 121.56244003  22.01929845   47.512
2017213 121.56244008  22.01929843   47.499
2017214 121.56244009  22.01929844   47.497
2017215 121.56243999  22.01929841   47.498
2017216 121.56243999  22.01929841   47.503
2017217 121.56244002  22.01929844   47.497
2017218 121.56244001  22.01929847   47.499
2017219 121.56244003  22.01929844   47.502
2017220 121.56243994  22.01929842   47.508
2017221 121.56243999  22.01929845   47.504
2017222 121.56243998  22.01929845   47.497
2017223 121.56244004  22.01929843   47.512
2017224 121.56244003  22.01929844   47.505
2017225 121.56244005  22.01929848   47.496
2017226 121.56244004  22.01929848   47.500
2017227 121.56244000  22.01929843   47.501
2017228 121.56244004  22.01929842   47.490
2017229 121.56243996  22.01929836   47.518
2017230 121.56243996  22.01929843   47.521
2017231 121.56243995  22.01929838   47.513
2017232 121.56243989  22.01929840   47.520
2017233 121.56243995  22.01929840   47.501
2017234 121.56243994  22.01929839   47.522
2017235 121.56243997  22.01929844   47.511
2017236 121.56243996  22.01929841   47.514
2017237 121.56243990  22.01929840   47.531
2017238 121.56244001  22.01929839   47.507
2017239 121.56243999  22.01929839   47.515
2017240 121.56243982  22.01929839   47.509
2017241 121.56243984  22.01929832   47.504
2017242 121.56243991  22.01929841   47.517
2017243 121.56243996  22.01929841   47.515
2017244 121.56243997  22.01929838   47.525
2017245 121.56244001  22.01929845   47.524
2017246 121.56244004  22.01929845   47.505
2017247 121.56244002  22.01929842   47.513
2017248 121.56243990  22.01929842   47.530
2017249 121.56244001  22.01929851   47.503
2017250 121.56244000  22.01929848   47.500
2017251 121.56244000  22.01929847   47.518
2017252 121.56244003  22.01929845   47.501
2017253 121.56243994  22.01929849   47.528
2017254 121.56243993  22.01929840   47.514
2017255 121.56243984  22.01929837   47.514
2017256 121.56243998  22.01929845   47.508
2017257 121.56243996  22.01929847   47.514
2017258 121.56243998  22.01929846   47.507
2017259 121.56243997  22.01929841   47.498
2017260 121.56243995  22.01929848   47.504
2017261 121.56243991  22.01929844   47.524
2017262 121.56244004  22.01929841   47.508
2017263 121.56243999  22.01929849   47.527
2017264 121.56244000  22.01929845   47.503
2017265 121.56243996  22.01929843   47.506
2017266 121.56243999  22.01929842   47.502
2017267 121.56244004  22.01929844   47.511
2017268 121.56244001  22.01929846   47.500
2017269 121.56243999  22.01929851   47.499
2017270 121.56244001  22.01929847   47.501
2017271 121.56243993  22.01929846   47.521
2017272 121.56243993  22.01929843   47.528
2017273 121.56243993  22.01929843   47.521
2017274 121.56243996  22.01929847   47.509
2017275 121.56244001  22.01929849   47.512
2017276 121.56243994  22.01929843   47.522
2017277 121.56243983  22.01929839   47.504
2017278 121.56243984  22.01929843   47.514
2017279 121.56243985  22.01929844   47.524
2017280 121.56243983  22.01929842   47.524
2017281 121.56243985  22.01929841   47.508
2017282 121.56243987  22.01929836   47.537
2017283 121.56243986  22.01929844   47.518
2017284 121.56243987  22.01929845   47.527
2017285 121.56243980  22.01929844   47.523
2017286 121.56243991  22.01929840   47.516
2017287 121.56243997  22.01929851   47.541
2017288 121.56243999  22.01929851   47.521
2017289 121.56243991  22.01929841   47.525
2017290 121.56243983  22.01929846   47.517
2017291 121.56243987  22.01929838   47.507
2017292 121.56243989  22.01929845   47.503
2017293 121.56243991  22.01929850   47.497
2017294 121.56243991  22.01929848   47.523
2017295 121.56243994  22.01929846   47.508
2017296 121.56243989  22.01929847   47.517
2017297 121.56243988  22.01929846   47.520
2017298 121.56243992  22.01929847   47.517
2017299 121.56243984  22.01929843   47.520
2017300 121.56243990  22.01929847   47.525
2017301 121.56243989  22.01929844   47.525
2017302 121.56243983  22.01929840   47.508
2017303 121.56243987  22.01929849   47.524
2017304 121.56243983  22.01929848   47.532
