2016306 121.60803839  21.95248528   46.200
2016307 121.60803837  21.95248527   46.204
2016308 121.60803837  21.95248527   46.216
2016309 121.60803841  21.95248527   46.197
2016310 121.60803836  21.95248527   46.217
2016311 121.60803835  21.95248526   46.205
2016312 121.60803831  21.95248530   46.209
2016313 121.60803834  21.95248527   46.201
2016314 121.60803834  21.95248529   46.213
2016315 121.60803834  21.95248527   46.204
2016316 121.60803832  21.95248528   46.212
2016317 121.60803839  21.95248528   46.207
2016318 121.60803836  21.95248530   46.203
2016319 121.60803838  21.95248527   46.197
2016320 121.60803836  21.95248527   46.208
2016321 121.60803836  21.95248530   46.206
2016322 121.60803839  21.95248528   46.219
2016323 121.60803838  21.95248531   46.203
2016324 121.60803831  21.95248533   46.222
2016325 121.60803834  21.95248529   46.211
2016326 121.60803836  21.95248531   46.186
2016327 121.60803837  21.95248526   46.216
2016328 121.60803834  21.95248527   46.212
2016329 121.60803832  21.95248529   46.207
2016330 121.60803832  21.95248532   46.203
2016331 121.60803836  21.95248531   46.209
2016332 121.60803835  21.95248528   46.213
2016333 121.60803835  21.95248530   46.203
2016334 121.60803836  21.95248532   46.205
2016335 121.60803837  21.95248530   46.209
2016336 121.60803834  21.95248530   46.199
2016337 121.60803837  21.95248530   46.199
2016338 121.60803834  21.95248532   46.209
2016339 121.60803835  21.95248531   46.200
2016340 121.60803835  21.95248532   46.205
2016341 121.60803834  21.95248530   46.203
2016342 121.60803831  21.95248527   46.214
2016343 121.60803832  21.95248530   46.207
2016344 121.60803833  21.95248530   46.207
2016345 121.60803833  21.95248531   46.208
2016346 121.60803833  21.95248531   46.196
2016347 121.60803835  21.95248532   46.201
2016348 121.60803836  21.95248530   46.201
2016349 121.60803833  21.95248530   46.203
2016350 121.60803829  21.95248528   46.207
2016351 121.60803829  21.95248528   46.214
2016352 121.60803828  21.95248531   46.208
2016353 121.60803829  21.95248530   46.209
2016354 121.60803829  21.95248530   46.213
2016355 121.60803834  21.95248534   46.200
2016356 121.60803829  21.95248529   46.213
2016357 121.60803833  21.95248532   46.204
2016358 121.60803832  21.95248533   46.208
2016359 121.60803833  21.95248533   46.209
2016360 121.60803832  21.95248534   46.200
2016361 121.60803833  21.95248531   46.213
2016362 121.60803832  21.95248529   46.215
2016363 121.60803827  21.95248528   46.206
2016364 121.60803826  21.95248528   46.210
2016365 121.60803828  21.95248531   46.212
2016366 121.60803828  21.95248528   46.204
2017001 121.60803828  21.95248532   46.211
2017002 121.60803829  21.95248532   46.199
2017003 121.60803828  21.95248530   46.199
2017004 121.60803828  21.95248532   46.204
2017005 121.60803830  21.95248532   46.198
2017006 121.60803830  21.95248530   46.202
2017007 121.60803828  21.95248530   46.199
2017008 121.60803825  21.95248531   46.209
2017009 121.60803830  21.95248534   46.208
2017010 121.60803829  21.95248533   46.200
2017011 121.60803830  21.95248534   46.212
2017012 121.60803833  21.95248535   46.208
2017013 121.60803830  21.95248536   46.207
2017014 121.60803828  21.95248533   46.212
2017015 121.60803828  21.95248535   46.208
2017016 121.60803826  21.95248534   46.213
2017017 121.60803830  21.95248533   46.205
2017018 121.60803826  21.95248535   46.204
2017019 121.60803831  21.95248533   46.210
2017020 121.60803831  21.95248533   46.204
2017021 121.60803831  21.95248531   46.204
2017022 121.60803827  21.95248533   46.207
2017023 121.60803828  21.95248532   46.206
2017024 121.60803830  21.95248532   46.206
2017025 121.60803820  21.95248533   46.207
2017026 121.60803822  21.95248531   46.212
2017027 121.60803824  21.95248530   46.206
2017028 121.60803823  21.95248533   46.208
2017029 121.60803824  21.95248533   46.207
2017030 121.60803823  21.95248533   46.214
2017031 121.60803833  21.95248534   46.205
2017032 121.60803826  21.95248535   46.214
2017033 121.60803824  21.95248533   46.211
2017034 121.60803824  21.95248533   46.209
2017035 121.60803823  21.95248532   46.205
2017036 121.60803826  21.95248536   46.204
2017037 121.60803823  21.95248535   46.212
2017038 121.60803823  21.95248533   46.208
2017039 121.60803828  21.95248536   46.210
2017040 121.60803829  21.95248533   46.207
2017041 121.60803829  21.95248535   46.201
2017042 121.60803827  21.95248536   46.204
2017043 121.60803822  21.95248531   46.208
2017044 121.60803823  21.95248533   46.206
2017045 121.60803822  21.95248535   46.203
2017046 121.60803824  21.95248532   46.204
2017047 121.60803821  21.95248533   46.199
2017048 121.60803823  21.95248532   46.204
2017049 121.60803821  21.95248534   46.212
2017050 121.60803825  21.95248539   46.206
2017051 121.60803819  21.95248535   46.200
2017052 121.60803826  21.95248535   46.205
2017053 121.60803829  21.95248538   46.203
2017054 121.60803826  21.95248540   46.206
2017055 121.60803826  21.95248539   46.206
2017056 121.60803828  21.95248540   46.196
2017057 121.60803828  21.95248537   46.207
2017058 121.60803829  21.95248539   46.197
2017059 121.60803823  21.95248537   46.203
2017060 121.60803823  21.95248535   46.212
2017061 121.60803822  21.95248535   46.206
2017062 121.60803825  21.95248536   46.204
2017063 121.60803821  21.95248535   46.199
2017064 121.60803822  21.95248537   46.198
2017065 121.60803820  21.95248536   46.202
2017066 121.60803822  21.95248536   46.204
2017067 121.60803826  21.95248539   46.201
2017068 121.60803826  21.95248541   46.208
2017069 121.60803823  21.95248540   46.203
2017070 121.60803827  21.95248539   46.207
2017071 121.60803831  21.95248538   46.201
2017072 121.60803830  21.95248541   46.195
2017073 121.60803822  21.95248536   46.211
2017074 121.60803822  21.95248536   46.202
2017075 121.60803822  21.95248537   46.200
2017076 121.60803821  21.95248537   46.208
2017077 121.60803820  21.95248537   46.208
2017078 121.60803826  21.95248538   46.196
2017079 121.60803826  21.95248539   46.210
2017080 121.60803819  21.95248537   46.211
2017081 121.60803820  21.95248539   46.234
2017082 121.60803822  21.95248537   46.208
2017083 121.60803819  21.95248537   46.210
2017084 121.60803819  21.95248537   46.208
2017085 121.60803821  21.95248537   46.203
2017086 121.60803821  21.95248539   46.219
2017087 121.60803825  21.95248538   46.214
2017088 121.60803826  21.95248541   46.202
2017089 121.60803824  21.95248540   46.205
2017090 121.60803823  21.95248540   46.208
2017091 121.60803826  21.95248537   46.209
2017092 121.60803824  21.95248539   46.208
2017093 121.60803823  21.95248538   46.213
2017094 121.60803818  21.95248538   46.204
2017095 121.60803818  21.95248537   46.203
2017096 121.60803816  21.95248539   46.209
2017097 121.60803817  21.95248539   46.206
2017098 121.60803816  21.95248541   46.212
2017099 121.60803817  21.95248541   46.193
2017100 121.60803816  21.95248541   46.209
2017101 121.60803825  21.95248540   46.201
2017102 121.60803825  21.95248539   46.203
2017103 121.60803826  21.95248540   46.200
2017104 121.60803821  21.95248541   46.200
2017105 121.60803821  21.95248540   46.198
2017106 121.60803823  21.95248542   46.195
2017107 121.60803826  21.95248546   46.193
2017108 121.60803826  21.95248542   46.196
2017109 121.60803822  21.95248543   46.214
2017110 121.60803817  21.95248540   46.185
2017111 121.60803824  21.95248542   46.194
2017112 121.60803822  21.95248542   46.203
2017113 121.60803823  21.95248541   46.205
2017114 121.60803822  21.95248543   46.204
2017115 121.60803821  21.95248542   46.197
2017116 121.60803820  21.95248541   46.208
2017117 121.60803816  21.95248540   46.211
2017118 121.60803820  21.95248542   46.204
2017119 121.60803821  21.95248542   46.204
2017120 121.60803821  21.95248540   46.201
2017121 121.60803819  21.95248544   46.208
2017122 121.60803822  21.95248541   46.195
2017123 121.60803819  21.95248540   46.200
2017124 121.60803814  21.95248541   46.207
2017125 121.60803812  21.95248542   46.204
2017126 121.60803815  21.95248543   46.200
2017127 121.60803814  21.95248541   46.197
2017128 121.60803805  21.95248541   46.200
2017129 121.60803815  21.95248540   46.198
2017130 121.60803817  21.95248543   46.186
2017131 121.60803817  21.95248546   46.202
2017132 121.60803819  21.95248546   46.197
2017133 121.60803820  21.95248547   46.198
2017134 121.60803819  21.95248543   46.198
2017135 121.60803818  21.95248544   46.208
2017136 121.60803818  21.95248545   46.202
2017137 121.60803817  21.95248544   46.206
2017138 121.60803819  21.95248542   46.218
2017139 121.60803816  21.95248544   46.203
2017140 121.60803822  21.95248544   46.204
2017141 121.60803819  21.95248549   46.208
2017142 121.60803818  21.95248545   46.197
2017143 121.60803818  21.95248544   46.204
2017144 121.60803819  21.95248538   46.192
2017145 121.60803819  21.95248544   46.189
2017146 121.60803815  21.95248549   46.218
2017147 121.60803816  21.95248544   46.207
2017148 121.60803816  21.95248544   46.200
2017149 121.60803818  21.95248550   46.209
2017150 121.60803815  21.95248548   46.204
2017151 121.60803819  21.95248550   46.193
2017152 121.60803818  21.95248547   46.196
2017153 121.60803814  21.95248548   46.180
2017154 121.60803818  21.95248548   46.190
2017155 121.60803821  21.95248546   46.202
2017156 121.60803816  21.95248548   46.206
2017157 121.60803814  21.95248552   46.188
2017158 121.60803812  21.95248545   46.196
2017159 121.60803812  21.95248545   46.199
2017160 121.60803809  21.95248550   46.205
2017161 121.60803815  21.95248546   46.194
2017162 121.60803817  21.95248545   46.197
2017163 121.60803818  21.95248544   46.195
2017164 121.60803815  21.95248547   46.198
2017165 121.60803818  21.95248548   46.197
2017166 121.60803815  21.95248549   46.197
2017167 121.60803816  21.95248546   46.190
2017168 121.60803818  21.95248545   46.185
2017169 121.60803816  21.95248544   46.188
2017170 121.60803816  21.95248547   46.198
2017171 121.60803808  21.95248546   46.195
2017172 121.60803809  21.95248548   46.208
2017173 121.60803815  21.95248549   46.198
2017174 121.60803808  21.95248547   46.205
2017175 121.60803808  21.95248546   46.205
2017176 121.60803808  21.95248549   46.190
2017177 121.60803810  21.95248544   46.203
2017178 121.60803808  21.95248547   46.199
2017179 121.60803810  21.95248548   46.204
2017180 121.60803817  21.95248549   46.200
2017181 121.60803816  21.95248549   46.202
2017182 121.60803818  21.95248548   46.200
2017183 121.60803818  21.95248547   46.186
2017184 121.60803814  21.95248554   46.194
2017185 121.60803814  21.95248545   46.199
2017186 121.60803813  21.95248545   46.186
2017187 121.60803807  21.95248546   46.191
2017188 121.60803812  21.95248546   46.193
2017189 121.60803808  21.95248548   46.204
2017190 121.60803802  21.95248545   46.206
2017191 121.60803814  21.95248551   46.199
2017192 121.60803812  21.95248550   46.208
2017193 121.60803810  21.95248552   46.204
2017194 121.60803808  21.95248546   46.194
2017195 121.60803811  21.95248547   46.189
2017196 121.60803813  21.95248550   46.193
2017197 121.60803812  21.95248547   46.186
2017198 121.60803810  21.95248547   46.194
2017199 121.60803808  21.95248546   46.201
2017200 121.60803809  21.95248547   46.198
2017201 121.60803807  21.95248549   46.199
2017202 121.60803806  21.95248545   46.195
2017203 121.60803806  21.95248546   46.202
2017204 121.60803808  21.95248546   46.202
2017205 121.60803806  21.95248550   46.199
2017206 121.60803807  21.95248546   46.196
2017207 121.60803804  21.95248545   46.209
2017208 121.60803804  21.95248548   46.206
2017209 121.60803809  21.95248552   46.188
2017210 121.60803809  21.95248548   46.200
2017211 121.60803814  21.95248546   46.182
2017212 121.60803808  21.95248552   46.196
2017213 121.60803812  21.95248550   46.187
2017214 121.60803816  21.95248551   46.197
2017215 121.60803806  21.95248550   46.193
2017216 121.60803804  21.95248549   46.196
2017217 121.60803808  21.95248551   46.196
2017218 121.60803807  21.95248552   46.203
2017219 121.60803808  21.95248552   46.196
2017220 121.60803803  21.95248551   46.201
2017221 121.60803804  21.95248551   46.205
2017222 121.60803806  21.95248552   46.198
2017223 121.60803812  21.95248553   46.200
2017224 121.60803808  21.95248552   46.199
2017225 121.60803811  21.95248554   46.190
2017226 121.60803809  21.95248555   46.199
2017227 121.60803805  21.95248549   46.198
2017228 121.60803808  21.95248548   46.178
2017229 121.60803800  21.95248549   46.206
2017230 121.60803804  21.95248548   46.204
2017231 121.60803800  21.95248548   46.191
2017232 121.60803804  21.95248552   46.198
2017233 121.60803807  21.95248549   46.179
2017234 121.60803799  21.95248548   46.205
2017235 121.60803803  21.95248548   46.211
2017236 121.60803801  21.95248549   46.199
2017237 121.60803801  21.95248553   46.208
2017238 121.60803807  21.95248551   46.194
2017239 121.60803804  21.95248548   46.185
2017240 121.60803798  21.95248552   46.207
2017241 121.60803802  21.95248548   46.227
2017242 121.60803804  21.95248553   46.198
2017243 121.60803807  21.95248549   46.191
2017244 121.60803804  21.95248546   46.204
2017245 121.60803807  21.95248551   46.198
2017246 121.60803809  21.95248552   46.194
2017247 121.60803806  21.95248552   46.193
2017248 121.60803802  21.95248553   46.217
2017249 121.60803805  21.95248557   46.197
2017250 121.60803804  21.95248554   46.191
2017251 121.60803805  21.95248554   46.209
2017252 121.60803807  21.95248551   46.191
2017253 121.60803803  21.95248557   46.204
2017254 121.60803807  21.95248552   46.194
2017255 121.60803803  21.95248551   46.196
2017256 121.60803802  21.95248553   46.193
2017257 121.60803803  21.95248556   46.214
2017258 121.60803803  21.95248553   46.209
2017259 121.60803808  21.95248554   46.177
2017260 121.60803803  21.95248557   46.193
2017261 121.60803799  21.95248552   46.211
2017262 121.60803806  21.95248554   46.190
2017263 121.60803801  21.95248554   46.213
2017264 121.60803802  21.95248552   46.191
2017265 121.60803800  21.95248554   46.186
2017266 121.60803803  21.95248552   46.193
2017267 121.60803807  21.95248551   46.203
2017268 121.60803804  21.95248552   46.196
2017269 121.60803803  21.95248557   46.202
2017270 121.60803804  21.95248553   46.192
2017271 121.60803802  21.95248552   46.193
2017272 121.60803803  21.95248555   46.201
2017273 121.60803802  21.95248556   46.207
2017274 121.60803801  21.95248556   46.186
2017275 121.60803803  21.95248553   46.197
2017276 121.60803802  21.95248552   46.197
2017277 121.60803798  21.95248551   46.202
2017278 121.60803796  21.95248553   46.208
2017279 121.60803800  21.95248556   46.209
2017280 121.60803797  21.95248551   46.198
2017281 121.60803796  21.95248553   46.183
2017282 121.60803799  21.95248551   46.217
2017283 121.60803801  21.95248553   46.195
2017284 121.60803800  21.95248555   46.211
2017285 121.60803796  21.95248550   46.205
2017286 121.60803801  21.95248548   46.189
2017287 121.60803806  21.95248555   46.210
2017288 121.60803805  21.95248554   46.205
2017289 121.60803801  21.95248553   46.192
2017290 121.60803796  21.95248556   46.202
2017291 121.60803802  21.95248548   46.201
2017292 121.60803805  21.95248551   46.189
2017293 121.60803801  21.95248551   46.198
2017294 121.60803800  21.95248553   46.210
2017295 121.60803800  21.95248552   46.198
2017296 121.60803800  21.95248553   46.193
2017297 121.60803799  21.95248554   46.205
2017298 121.60803803  21.95248554   46.213
2017299 121.60803798  21.95248552   46.207
2017300 121.60803800  21.95248552   46.206
2017301 121.60803797  21.95248552   46.201
2017302 121.60803796  21.95248551   46.207
2017303 121.60803797  21.95248552   46.206
2017304 121.60803795  21.95248552   46.217
