2016306 121.40066885  25.11727986  225.872
2016307 121.40066884  25.11727984  225.876
2016308 121.40066885  25.11727984  225.885
2016309 121.40066888  25.11727984  225.867
2016310 121.40066888  25.11727984  225.882
2016311 121.40066879  25.11727987  225.873
2016312 121.40066882  25.11727983  225.872
2016313 121.40066882  25.11727983  225.877
2016314 121.40066882  25.11727986  225.881
2016315 121.40066884  25.11727987  225.880
2016316 121.40066881  25.11727985  225.875
2016317 121.40066887  25.11727983  225.881
2016318 121.40066886  25.11727985  225.878
2016319 121.40066888  25.11727983  225.872
2016320 121.40066890  25.11727981  225.878
2016321 121.40066886  25.11727985  225.877
2016322 121.40066889  25.11727985  225.885
2016323 121.40066887  25.11727987  225.883
2016324 121.40066887  25.11727987  225.877
2016325 121.40066888  25.11727987  225.879
2016326 121.40066886  25.11727988  225.876
2016327 121.40066887  25.11727987  225.884
2016328 121.40066885  25.11727985  225.877
2016329 121.40066883  25.11727987  225.873
2016330 121.40066879  25.11727990  225.860
2016331 121.40066890  25.11727986  225.877
2016332 121.40066886  25.11727985  225.880
2016333 121.40066888  25.11727986  225.881
2016334 121.40066887  25.11727989  225.880
2016335 121.40066889  25.11727984  225.878
2016336 121.40066887  25.11727985  225.876
2016337 121.40066890  25.11727983  225.869
2016338 121.40066891  25.11727984  225.874
2016339 121.40066889  25.11727986  225.873
2016340 121.40066889  25.11727986  225.877
2016341 121.40066888  25.11727988  225.879
2016342 121.40066884  25.11727985  225.886
2016343 121.40066885  25.11727983  225.877
2016344 121.40066887  25.11727983  225.882
2016345 121.40066886  25.11727985  225.876
2016346 121.40066889  25.11727985  225.875
2016347 121.40066892  25.11727983  225.880
2016348 121.40066889  25.11727984  225.874
2016349 121.40066886  25.11727987  225.876
2016350 121.40066883  25.11727982  225.884
2016351 121.40066884  25.11727982  225.878
2016352 121.40066882  25.11727984  225.887
2016353 121.40066884  25.11727983  225.876
2016354 121.40066884  25.11727984  225.862
2016355 121.40066886  25.11727990  225.865
2016356 121.40066884  25.11727983  225.882
2016357 121.40066889  25.11727985  225.884
2016358 121.40066886  25.11727989  225.878
2016359 121.40066887  25.11727988  225.881
2016360 121.40066888  25.11727988  225.867
2016361 121.40066891  25.11727984  225.871
2016362 121.40066890  25.11727983  225.883
2016363 121.40066884  25.11727981  225.886
2016364 121.40066883  25.11727982  225.882
2016365 121.40066886  25.11727983  225.875
2016366 121.40066883  25.11727982  225.875
2017001 121.40066883  25.11727984  225.882
2017002 121.40066887  25.11727983  225.881
2017003 121.40066888  25.11727982  225.874
2017004 121.40066888  25.11727983  225.877
2017005 121.40066887  25.11727984  225.870
2017006 121.40066887  25.11727983  225.874
2017007 121.40066887  25.11727983  225.872
2017008 121.40066886  25.11727984  225.880
2017009 121.40066889  25.11727985  225.879
2017010 121.40066891  25.11727985  225.871
2017011 121.40066892  25.11727985  225.884
2017012 121.40066892  25.11727985  225.887
2017013 121.40066891  25.11727987  225.880
2017014 121.40066890  25.11727984  225.878
2017015 121.40066888  25.11727988  225.887
2017016 121.40066888  25.11727986  225.885
2017017 121.40066890  25.11727986  225.877
2017018 121.40066891  25.11727984  225.883
2017019 121.40066889  25.11727985  225.878
2017020 121.40066891  25.11727984  225.874
2017021 121.40066891  25.11727982  225.877
2017022 121.40066889  25.11727984  225.882
2017023 121.40066891  25.11727983  225.882
2017024 121.40066892  25.11727983  225.884
2017025 121.40066887  25.11727980  225.883
2017026 121.40066885  25.11727982  225.874
2017027 121.40066889  25.11727979  225.880
2017028 121.40066887  25.11727981  225.890
2017029 121.40066889  25.11727982  225.879
2017030 121.40066888  25.11727982  225.879
2017031 121.40066896  25.11727985  225.880
2017032 121.40066890  25.11727983  225.883
2017033 121.40066889  25.11727981  225.882
2017034 121.40066889  25.11727981  225.878
2017035 121.40066890  25.11727980  225.886
2017036 121.40066893  25.11727983  225.881
2017037 121.40066891  25.11727982  225.887
2017038 121.40066890  25.11727983  225.875
2017039 121.40066893  25.11727983  225.877
2017040 121.40066893  25.11727984  225.884
2017041 121.40066894  25.11727983  225.886
2017042 121.40066892  25.11727985  225.886
2017043 121.40066891  25.11727978  225.882
2017044 121.40066889  25.11727981  225.883
2017045 121.40066888  25.11727983  225.880
2017046 121.40066891  25.11727980  225.876
2017047 121.40066891  25.11727980  225.878
2017048 121.40066891  25.11727980  225.879
2017049 121.40066890  25.11727982  225.880
2017050 121.40066898  25.11727984  225.888
2017051 121.40066891  25.11727980  225.879
2017052 121.40066899  25.11727984  225.879
2017053 121.40066900  25.11727985  225.884
2017054 121.40066894  25.11727987  225.882
2017055 121.40066896  25.11727987  225.882
2017056 121.40066896  25.11727987  225.865
2017057 121.40066896  25.11727985  225.879
2017058 121.40066896  25.11727984  225.877
2017059 121.40066894  25.11727982  225.879
2017060 121.40066893  25.11727981  225.883
2017061 121.40066891  25.11727981  225.882
2017062 121.40066894  25.11727983  225.877
2017063 121.40066893  25.11727979  225.874
2017064 121.40066893  25.11727981  225.878
2017065 121.40066890  25.11727981  225.883
2017066 121.40066891  25.11727981  225.875
2017067 121.40066898  25.11727985  225.880
2017068 121.40066896  25.11727987  225.887
2017069 121.40066898  25.11727984  225.876
2017070 121.40066899  25.11727986  225.874
2017071 121.40066903  25.11727984  225.872
2017072 121.40066901  25.11727983  225.874
2017073 121.40066892  25.11727981  225.889
2017074 121.40066893  25.11727981  225.887
2017075 121.40066893  25.11727982  225.880
2017076 121.40066893  25.11727980  225.881
2017077 121.40066893  25.11727980  225.883
2017078 121.40066899  25.11727985  225.875
2017079 121.40066901  25.11727981  225.885
2017080 121.40066893  25.11727980  225.879
2017081 121.40066894  25.11727980  225.878
2017082 121.40066894  25.11727981  225.876
2017083 121.40066895  25.11727979  225.875
2017084 121.40066895  25.11727982  225.878
2017085 121.40066895  25.11727981  225.877
2017086 121.40066892  25.11727984  225.877
2017087 121.40066902  25.11727982  225.881
2017088 121.40066903  25.11727982  225.879
2017089 121.40066903  25.11727981  225.882
2017090 121.40066898  25.11727985  225.873
2017091 121.40066902  25.11727981  225.874
2017092 121.40066899  25.11727983  225.883
2017093 121.40066899  25.11727981  225.883
2017094 121.40066896  25.11727979  225.877
2017095 121.40066903  25.11727978  225.879
2017096 121.40066895  25.11727980  225.881
2017097 121.40066896  25.11727978  225.880
2017098 121.40066896  25.11727981  225.881
2017099 121.40066893  25.11727979  225.866
2017100 121.40066892  25.11727977  225.872
2017101 121.40066902  25.11727987  225.876
2017102 121.40066898  25.11727983  225.876
2017103 121.40066901  25.11727982  225.872
2017104 121.40066900  25.11727984  225.872
2017105 121.40066904  25.11727982  225.875
2017106 121.40066901  25.11727982  225.863
2017107 121.40066906  25.11727983  225.874
2017108 121.40066902  25.11727981  225.869
2017109 121.40066904  25.11727982  225.863
2017110 121.40066895  25.11727977  225.864
2017111 121.40066900  25.11727982  225.877
2017112 121.40066898  25.11727983  225.874
2017113 121.40066903  25.11727984  225.885
2017114 121.40066905  25.11727982  225.878
2017115 121.40066899  25.11727983  225.880
2017116 121.40066904  25.11727983  225.872
2017117 121.40066902  25.11727982  225.876
2017118 121.40066901  25.11727985  225.886
2017119 121.40066902  25.11727987  225.883
2017120 121.40066901  25.11727982  225.875
2017121 121.40066899  25.11727985  225.881
2017122 121.40066902  25.11727980  225.876
2017123 121.40066894  25.11727977  225.874
2017124 121.40066896  25.11727978  225.875
2017125 121.40066894  25.11727978  225.873
2017126 121.40066893  25.11727980  225.871
2017127 121.40066896  25.11727981  225.872
2017128 121.40066887  25.11727980  225.870
2017129 121.40066894  25.11727980  225.871
2017130 121.40066899  25.11727985  225.870
2017131 121.40066902  25.11727983  225.875
2017132 121.40066905  25.11727982  225.879
2017133 121.40066904  25.11727986  225.879
2017134 121.40066903  25.11727982  225.875
2017135 121.40066903  25.11727984  225.879
2017136 121.40066901  25.11727985  225.867
2017137 121.40066900  25.11727988  225.877
2017138 121.40066899  25.11727986  225.870
2017139 121.40066901  25.11727986  225.869
2017140 121.40066907  25.11727983  225.871
2017141 121.40066902  25.11727984  225.882
2017142 121.40066903  25.11727984  225.871
2017143 121.40066899  25.11727982  225.865
2017144 121.40066904  25.11727982  225.872
2017145 121.40066906  25.11727983  225.870
2017146 121.40066900  25.11727987  225.889
2017147 121.40066900  25.11727983  225.868
2017148 121.40066900  25.11727982  225.876
2017149 121.40066903  25.11727985  225.871
2017150 121.40066903  25.11727984  225.875
2017151 121.40066906  25.11727980  225.869
2017152 121.40066901  25.11727978  225.863
2017153 121.40066902  25.11727985  225.848
2017154 121.40066904  25.11727986  225.866
2017155 121.40066907  25.11727985  225.876
2017156 121.40066904  25.11727980  225.881
2017157 121.40066907  25.11727984  225.865
2017158 121.40066903  25.11727979  225.867
2017159 121.40066903  25.11727980  225.868
2017160 121.40066900  25.11727982  225.879
2017161 121.40066903  25.11727979  225.868
2017162 121.40066905  25.11727983  225.874
2017163 121.40066909  25.11727977  225.871
2017164 121.40066914  25.11727978  225.865
2017165 121.40066906  25.11727984  225.859
2017166 121.40066905  25.11727987  225.866
2017167 121.40066905  25.11727981  225.869
2017168 121.40066908  25.11727983  225.874
2017169 121.40066906  25.11727980  225.868
2017170 121.40066907  25.11727983  225.878
2017171 121.40066895  25.11727978  225.865
2017172 121.40066896  25.11727979  225.875
2017173 121.40066903  25.11727979  225.875
2017174 121.40066896  25.11727978  225.874
2017175 121.40066895  25.11727978  225.883
2017176 121.40066898  25.11727979  225.861
2017177 121.40066899  25.11727975  225.865
2017178 121.40066900  25.11727978  225.877
2017179 121.40066894  25.11727981  225.898
2017180 121.40066906  25.11727982  225.873
2017181 121.40066904  25.11727984  225.878
2017182 121.40066908  25.11727983  225.877
2017183 121.40066904  25.11727981  225.865
2017184 121.40066911  25.11727985  225.868
2017185 121.40066908  25.11727979  225.875
2017186 121.40066908  25.11727981  225.881
2017187 121.40066900  25.11727978  225.879
2017188 121.40066903  25.11727979  225.885
2017189 121.40066900  25.11727981  225.890
2017190 121.40066899  25.11727979  225.881
2017191 121.40066912  25.11727982  225.890
2017192 121.40066907  25.11727985  225.911
2017193 121.40066905  25.11727981  225.883
2017194 121.40066905  25.11727979  225.882
2017195 121.40066909  25.11727980  225.872
2017196 121.40066908  25.11727982  225.878
2017197 121.40066909  25.11727980  225.866
2017198 121.40066908  25.11727978  225.892
2017199 121.40066907  25.11727977  225.883
2017200 121.40066903  25.11727977  225.891
2017201 121.40066903  25.11727975  225.884
2017202 121.40066904  25.11727977  225.882
2017203 121.40066908  25.11727980  225.865
2017204 121.40066904  25.11727978  225.873
2017205 121.40066901  25.11727978  225.877
2017227 121.40066905  25.11727980  225.880
2017228 121.40066906  25.11727980  225.877
2017229 121.40066904  25.11727978  225.877
2017230 121.40066909  25.11727975  225.877
2017231 121.40066901  25.11727977  225.883
2017232 121.40066912  25.11727982  225.874
2017233 121.40066903  25.11727982  225.879
2017234 121.40066901  25.11727980  225.871
2017235 121.40066899  25.11727976  225.868
2017236 121.40066904  25.11727977  225.876
2017237 121.40066903  25.11727980  225.880
2017238 121.40066904  25.11727979  225.879
2017239 121.40066906  25.11727976  225.865
2017240 121.40066904  25.11727978  225.862
2017241 121.40066903  25.11727974  225.880
2017242 121.40066908  25.11727978  225.880
2017243 121.40066908  25.11727983  225.865
2017244 121.40066908  25.11727977  225.871
2017245 121.40066914  25.11727980  225.881
2017246 121.40066911  25.11727984  225.886
2017247 121.40066911  25.11727977  225.875
2017248 121.40066909  25.11727979  225.871
2017249 121.40066910  25.11727981  225.872
2017250 121.40066912  25.11727978  225.869
2017251 121.40066908  25.11727977  225.890
2017252 121.40066911  25.11727982  225.884
2017253 121.40066909  25.11727983  225.878
2017254 121.40066912  25.11727981  225.868
2017255 121.40066911  25.11727981  225.879
2017256 121.40066912  25.11727977  225.876
2017257 121.40066909  25.11727976  225.886
2017258 121.40066909  25.11727973  225.864
2017259 121.40066910  25.11727976  225.881
2017260 121.40066907  25.11727982  225.867
2017261 121.40066910  25.11727982  225.876
2017262 121.40066908  25.11727980  225.869
2017263 121.40066906  25.11727985  225.881
2017264 121.40066909  25.11727980  225.869
2017265 121.40066907  25.11727979  225.856
2017266 121.40066906  25.11727978  225.874
2017267 121.40066909  25.11727980  225.874
2017268 121.40066913  25.11727975  225.873
2017269 121.40066908  25.11727978  225.874
2017270 121.40066913  25.11727975  225.873
2017271 121.40066910  25.11727974  225.866
2017272 121.40066913  25.11727978  225.860
2017273 121.40066908  25.11727977  225.871
2017274 121.40066910  25.11727981  225.866
2017275 121.40066910  25.11727978  225.867
2017276 121.40066909  25.11727975  225.884
2017277 121.40066904  25.11727975  225.868
2017278 121.40066904  25.11727975  225.868
2017279 121.40066908  25.11727973  225.883
2017280 121.40066904  25.11727974  225.890
2017281 121.40066902  25.11727975  225.899
2017282 121.40066902  25.11727983  225.869
2017283 121.40066904  25.11727977  225.873
2017284 121.40066904  25.11727974  225.853
2017285 121.40066903  25.11727976  225.909
2017286 121.40066905  25.11727976  225.900
2017287 121.40066907  25.11727981  225.876
2017288 121.40066916  25.11727975  225.881
2017289 121.40066910  25.11727973  225.867
2017290 121.40066911  25.11727973  225.872
2017291 121.40066914  25.11727973  225.880
2017292 121.40066915  25.11727977  225.869
2017293 121.40066915  25.11727976  225.867
2017294 121.40066914  25.11727978  225.875
2017295 121.40066916  25.11727977  225.872
2017296 121.40066912  25.11727977  225.874
2017297 121.40066912  25.11727981  225.878
2017298 121.40066918  25.11727976  225.868
2017299 121.40066914  25.11727977  225.873
2017300 121.40066913  25.11727976  225.879
2017301 121.40066912  25.11727973  225.869
2017302 121.40066911  25.11727973  225.876
2017303 121.40066910  25.11727973  225.880
2017304 121.40066911  25.11727971  225.881
