2016306 121.74565882  24.74607833   64.022
2016307 121.74565882  24.74607832   64.029
2016308 121.74565882  24.74607834   64.040
2016309 121.74565887  24.74607831   64.016
2016310 121.74565883  24.74607832   64.033
2016311 121.74565876  24.74607831   64.033
2016312 121.74565878  24.74607831   64.030
2016313 121.74565878  24.74607832   64.039
2016314 121.74565877  24.74607835   64.038
2016315 121.74565878  24.74607836   64.035
2016316 121.74565877  24.74607833   64.036
2016317 121.74565881  24.74607832   64.029
2016318 121.74565882  24.74607833   64.028
2016319 121.74565884  24.74607832   64.022
2016320 121.74565883  24.74607831   64.030
2016321 121.74565882  24.74607831   64.035
2016322 121.74565884  24.74607833   64.027
2016323 121.74565884  24.74607832   64.035
2016324 121.74565881  24.74607834   64.022
2016325 121.74565884  24.74607832   64.035
2016326 121.74565881  24.74607836   64.030
2016327 121.74565883  24.74607833   64.042
2016328 121.74565882  24.74607831   64.033
2016329 121.74565881  24.74607832   64.030
2016330 121.74565880  24.74607832   64.034
2016331 121.74565886  24.74607833   64.035
2016332 121.74565882  24.74607834   64.025
2016333 121.74565886  24.74607835   64.032
2016334 121.74565886  24.74607834   64.032
2016335 121.74565882  24.74607835   64.028
2016336 121.74565883  24.74607834   64.023
2016337 121.74565888  24.74607832   64.020
2016338 121.74565885  24.74607833   64.033
2016339 121.74565886  24.74607834   64.015
2016340 121.74565886  24.74607835   64.023
2016341 121.74565887  24.74607834   64.032
2016342 121.74565881  24.74607833   64.037
2016343 121.74565884  24.74607830   64.027
2016344 121.74565881  24.74607832   64.029
2016345 121.74565880  24.74607835   64.028
2016346 121.74565887  24.74607832   64.027
2016347 121.74565890  24.74607830   64.025
2016348 121.74565886  24.74607832   64.020
2016349 121.74565884  24.74607834   64.023
2016350 121.74565881  24.74607831   64.030
2016351 121.74565884  24.74607830   64.027
2016352 121.74565882  24.74607830   64.029
2016353 121.74565881  24.74607828   64.024
2016354 121.74565882  24.74607828   64.019
2016355 121.74565887  24.74607831   64.026
2016356 121.74565881  24.74607830   64.028
2016357 121.74565888  24.74607831   64.028
2016358 121.74565886  24.74607834   64.028
2016359 121.74565884  24.74607834   64.036
2016360 121.74565887  24.74607833   64.020
2016361 121.74565887  24.74607831   64.024
2016362 121.74565885  24.74607832   64.026
2016363 121.74565881  24.74607829   64.032
2016364 121.74565880  24.74607829   64.030
2016365 121.74565882  24.74607831   64.025
2016366 121.74565881  24.74607826   64.024
2017001 121.74565883  24.74607831   64.027
2017002 121.74565883  24.74607830   64.026
2017003 121.74565884  24.74607830   64.017
2017004 121.74565883  24.74607830   64.027
2017005 121.74565883  24.74607831   64.016
2017006 121.74565886  24.74607828   64.025
2017007 121.74565884  24.74607831   64.027
2017008 121.74565883  24.74607832   64.024
2017009 121.74565886  24.74607831   64.020
2017010 121.74565880  24.74607835   64.009
2017011 121.74565887  24.74607832   64.022
2017012 121.74565890  24.74607831   64.029
2017013 121.74565888  24.74607833   64.022
2017014 121.74565889  24.74607832   64.024
2017015 121.74565887  24.74607835   64.023
2017016 121.74565887  24.74607834   64.024
2017017 121.74565889  24.74607832   64.016
2017018 121.74565886  24.74607832   64.027
2017019 121.74565887  24.74607832   64.022
2017020 121.74565889  24.74607831   64.019
2017021 121.74565890  24.74607829   64.018
2017022 121.74565887  24.74607831   64.022
2017023 121.74565890  24.74607831   64.019
2017024 121.74565892  24.74607831   64.024
2017025 121.74565886  24.74607829   64.021
2017026 121.74565877  24.74607829   64.025
2017027 121.74565885  24.74607826   64.021
2017028 121.74565883  24.74607829   64.028
2017029 121.74565886  24.74607829   64.029
2017030 121.74565886  24.74607830   64.019
2017031 121.74565893  24.74607832   64.026
2017032 121.74565887  24.74607830   64.021
2017033 121.74565887  24.74607829   64.027
2017034 121.74565887  24.74607829   64.023
2017035 121.74565887  24.74607829   64.020
2017036 121.74565889  24.74607830   64.014
2017037 121.74565886  24.74607828   64.026
2017038 121.74565885  24.74607830   64.020
2017039 121.74565889  24.74607830   64.016
2017040 121.74565892  24.74607830   64.018
2017041 121.74565893  24.74607830   64.020
2017042 121.74565891  24.74607832   64.015
2017043 121.74565891  24.74607827   64.021
2017044 121.74565886  24.74607828   64.023
2017045 121.74565888  24.74607831   64.015
2017046 121.74565888  24.74607827   64.019
2017047 121.74565888  24.74607828   64.018
2017048 121.74565888  24.74607827   64.008
2017049 121.74565889  24.74607828   64.022
2017050 121.74565893  24.74607832   64.029
2017051 121.74565887  24.74607828   64.021
2017052 121.74565897  24.74607830   64.018
2017053 121.74565895  24.74607833   64.015
2017054 121.74565891  24.74607834   64.018
2017055 121.74565893  24.74607835   64.024
2017056 121.74565896  24.74607835   64.001
2017057 121.74565897  24.74607833   64.022
2017058 121.74565896  24.74607831   64.011
2017059 121.74565894  24.74607830   64.019
2017060 121.74565889  24.74607828   64.021
2017061 121.74565887  24.74607826   64.008
2017062 121.74565891  24.74607830   64.015
2017063 121.74565889  24.74607826   64.013
2017064 121.74565888  24.74607828   64.012
2017065 121.74565890  24.74607828   64.022
2017066 121.74565891  24.74607828   64.023
2017067 121.74565898  24.74607832   64.017
2017068 121.74565896  24.74607834   64.020
2017069 121.74565899  24.74607829   64.019
2017070 121.74565896  24.74607832   64.015
2017071 121.74565901  24.74607830   64.008
2017072 121.74565898  24.74607830   64.014
2017073 121.74565891  24.74607827   64.019
2017074 121.74565891  24.74607828   64.018
2017075 121.74565891  24.74607829   64.014
2017076 121.74565892  24.74607826   64.019
2017077 121.74565891  24.74607827   64.017
2017078 121.74565897  24.74607833   64.013
2017079 121.74565899  24.74607827   64.017
2017080 121.74565893  24.74607826   64.024
2017081 121.74565893  24.74607825   64.015
2017082 121.74565894  24.74607827   64.019
2017083 121.74565894  24.74607825   64.025
2017084 121.74565894  24.74607827   64.019
2017085 121.74565894  24.74607825   64.014
2017086 121.74565893  24.74607826   64.026
2017087 121.74565899  24.74607826   64.013
2017088 121.74565898  24.74607828   64.020
2017089 121.74565901  24.74607826   64.012
2017090 121.74565898  24.74607830   64.021
2017091 121.74565901  24.74607824   64.021
2017093 121.74565897  24.74607824   64.020
2017094 121.74565893  24.74607826   64.016
2017095 121.74565901  24.74607825   64.014
2017096 121.74565893  24.74607827   64.020
2017097 121.74565894  24.74607827   64.018
2017098 121.74565893  24.74607827   64.019
2017099 121.74565892  24.74607826   64.008
2017100 121.74565895  24.74607825   64.015
2017101 121.74565903  24.74607833   64.029
2017102 121.74565898  24.74607827   64.028
2017103 121.74565901  24.74607827   64.015
2017104 121.74565898  24.74607831   64.014
2017105 121.74565901  24.74607827   64.009
2017106 121.74565897  24.74607826   64.005
2017107 121.74565904  24.74607829   64.013
2017108 121.74565901  24.74607828   64.004
2017109 121.74565898  24.74607829   64.016
2017110 121.74565894  24.74607824   64.012
2017111 121.74565898  24.74607827   64.017
2017112 121.74565896  24.74607828   64.022
2017113 121.74565901  24.74607827   64.019
2017114 121.74565903  24.74607827   64.015
2017115 121.74565898  24.74607827   64.021
2017116 121.74565900  24.74607827   64.016
2017117 121.74565899  24.74607827   64.020
2017118 121.74565899  24.74607828   64.021
2017119 121.74565900  24.74607829   64.009
2017120 121.74565898  24.74607824   64.012
2017121 121.74565898  24.74607830   64.018
2017122 121.74565899  24.74607825   64.019
2017123 121.74565893  24.74607824   64.009
2017124 121.74565893  24.74607825   64.013
2017125 121.74565892  24.74607822   64.025
2017126 121.74565891  24.74607823   64.013
2017127 121.74565894  24.74607825   64.011
2017128 121.74565883  24.74607824   64.019
2017129 121.74565889  24.74607825   64.000
2017130 121.74565896  24.74607828   64.010
2017131 121.74565903  24.74607824   64.017
2017132 121.74565902  24.74607825   64.015
2017133 121.74565899  24.74607830   64.023
2017134 121.74565902  24.74607824   64.005
2017135 121.74565902  24.74607827   64.020
2017136 121.74565900  24.74607829   64.017
2017137 121.74565899  24.74607830   64.017
2017138 121.74565900  24.74607826   64.014
2017139 121.74565900  24.74607827   64.016
2017140 121.74565906  24.74607826   64.018
2017141 121.74565900  24.74607827   64.025
2017142 121.74565901  24.74607827   64.011
2017143 121.74565898  24.74607825   64.010
2017144 121.74565902  24.74607824   64.016
2017145 121.74565902  24.74607825   64.011
2017146 121.74565898  24.74607829   64.025
2017147 121.74565899  24.74607823   64.016
2017148 121.74565898  24.74607825   64.028
2017149 121.74565905  24.74607824   64.018
2017150 121.74565901  24.74607828   64.019
2017151 121.74565907  24.74607828   64.011
2017152 121.74565901  24.74607825   64.012
2017153 121.74565899  24.74607829   63.997
2017154 121.74565906  24.74607827   64.023
2017155 121.74565905  24.74607827   64.022
2017156 121.74565901  24.74607821   64.024
2017157 121.74565901  24.74607825   64.015
2017158 121.74565899  24.74607821   64.023
2017159 121.74565903  24.74607822   64.017
2017160 121.74565896  24.74607824   64.023
2017161 121.74565900  24.74607819   64.015
2017162 121.74565904  24.74607820   64.026
2017163 121.74565908  24.74607818   64.026
2017164 121.74565915  24.74607819   64.017
2017165 121.74565903  24.74607824   64.022
2017166 121.74565902  24.74607829   64.022
2017167 121.74565904  24.74607824   64.017
2017168 121.74565906  24.74607824   64.009
2017169 121.74565905  24.74607822   64.018
2017170 121.74565908  24.74607824   64.024
2017171 121.74565896  24.74607820   64.021
2017172 121.74565897  24.74607818   64.030
2017173 121.74565902  24.74607820   64.026
2017174 121.74565912  24.74607812   64.040
2017175 121.74565894  24.74607823   64.021
2017176 121.74565898  24.74607818   64.020
2017177 121.74565899  24.74607817   64.025
2017178 121.74565896  24.74607820   64.042
2017179 121.74565895  24.74607818   64.035
2017180 121.74565905  24.74607822   64.018
2017181 121.74565906  24.74607824   64.020
2017182 121.74565909  24.74607823   64.026
2017183 121.74565912  24.74607820   64.005
2017184 121.74565908  24.74607824   64.014
2017185 121.74565909  24.74607817   64.035
2017186 121.74565904  24.74607820   64.031
2017187 121.74565896  24.74607819   64.018
2017188 121.74565900  24.74607820   64.039
2017189 121.74565900  24.74607817   64.030
2017190 121.74565900  24.74607816   64.025
2017191 121.74565904  24.74607820   64.028
2017192 121.74565905  24.74607819   64.034
2017193 121.74565901  24.74607820   64.036
2017194 121.74565901  24.74607818   64.028
2017195 121.74565904  24.74607819   64.017
2017196 121.74565904  24.74607822   64.021
2017197 121.74565911  24.74607819   64.023
2017198 121.74565906  24.74607819   64.027
2017199 121.74565905  24.74607820   64.023
2017200 121.74565903  24.74607818   64.018
2017201 121.74565902  24.74607817   64.030
2017202 121.74565901  24.74607818   64.021
2017203 121.74565907  24.74607819   64.024
2017204 121.74565904  24.74607820   64.022
2017205 121.74565902  24.74607819   64.023
2017206 121.74565902  24.74607818   64.024
2017207 121.74565901  24.74607817   64.037
2017208 121.74565901  24.74607817   64.021
2017209 121.74565906  24.74607821   64.003
2017210 121.74565899  24.74607811   64.006
2017211 121.74565890  24.74607800   64.047
2017212 121.74565890  24.74607802   64.023
2017213 121.74565889  24.74607801   64.015
2017214 121.74565889  24.74607802   64.022
2017215 121.74565881  24.74607797   64.016
2017216 121.74565879  24.74607798   64.014
2017217 121.74565882  24.74607798   64.018
2017218 121.74565883  24.74607800   64.031
2017219 121.74565886  24.74607798   64.028
2017220 121.74565881  24.74607795   64.028
2017221 121.74565884  24.74607795   64.027
2017222 121.74565880  24.74607798   64.026
2017223 121.74565887  24.74607798   64.023
2017224 121.74565884  24.74607800   64.045
2017225 121.74565889  24.74607801   64.026
2017226 121.74565891  24.74607803   64.038
2017227 121.74565886  24.74607794   64.025
2017228 121.74565890  24.74607797   64.019
2017229 121.74565883  24.74607796   64.025
2017230 121.74565885  24.74607795   64.016
2017231 121.74565878  24.74607797   64.021
2017232 121.74565887  24.74607802   64.030
2017233 121.74565892  24.74607800   64.015
2017234 121.74565881  24.74607798   64.025
2017235 121.74565879  24.74607796   64.015
2017236 121.74565883  24.74607798   64.017
2017237 121.74565883  24.74607798   64.024
2017238 121.74565887  24.74607797   64.017
2017239 121.74565886  24.74607796   64.012
2017240 121.74565884  24.74607795   64.021
2017241 121.74565885  24.74607793   64.026
2017242 121.74565888  24.74607797   63.997
2017243 121.74565892  24.74607804   64.003
2017244 121.74565890  24.74607790   64.034
2017245 121.74565893  24.74607804   64.026
2017246 121.74565896  24.74607800   64.030
2017247 121.74565893  24.74607795   64.013
2017248 121.74565887  24.74607797   64.010
2017249 121.74565890  24.74607800   64.013
2017250 121.74565893  24.74607797   64.008
2017251 121.74565892  24.74607798   64.022
2017252 121.74565892  24.74607800   64.015
2017253 121.74565890  24.74607803   64.019
2017254 121.74565893  24.74607799   64.007
2017255 121.74565892  24.74607798   64.008
2017256 121.74565894  24.74607798   64.027
2017257 121.74565892  24.74607794   64.066
2017258 121.74565889  24.74607798   64.015
2017259 121.74565897  24.74607796   64.007
2017260 121.74565889  24.74607802   64.019
2017261 121.74565894  24.74607799   64.020
2017262 121.74565893  24.74607804   64.006
2017263 121.74565890  24.74607802   64.027
2017264 121.74565895  24.74607800   64.013
2017265 121.74565892  24.74607799   64.027
2017266 121.74565896  24.74607798   64.012
2017267 121.74565900  24.74607799   64.024
2017268 121.74565900  24.74607796   64.011
2017269 121.74565894  24.74607798   64.020
2017270 121.74565898  24.74607796   64.015
2017271 121.74565895  24.74607795   64.015
2017272 121.74565890  24.74607800   64.040
2017273 121.74565893  24.74607795   64.018
2017274 121.74565897  24.74607800   64.004
2017275 121.74565896  24.74607798   64.005
2017276 121.74565895  24.74607795   64.014
2017277 121.74565896  24.74607798   63.997
2017278 121.74565883  24.74607786   64.036
2017279 121.74565889  24.74607786   64.057
2017280 121.74565893  24.74607793   64.021
2017281 121.74565894  24.74607792   64.013
2017282 121.74565890  24.74607797   64.030
2017283 121.74565897  24.74607794   64.018
2017284 121.74565896  24.74607797   64.028
2017285 121.74565893  24.74607793   64.020
2017286 121.74565896  24.74607791   64.032
2017287 121.74565897  24.74607793   64.031
2017288 121.74565899  24.74607792   64.016
2017289 121.74565895  24.74607793   64.018
2017290 121.74565891  24.74607791   64.010
2017291 121.74565898  24.74607792   64.020
2017292 121.74565899  24.74607795   64.019
2017293 121.74565899  24.74607792   64.025
2017294 121.74565898  24.74607794   64.034
2017295 121.74565898  24.74607794   64.013
2017296 121.74565898  24.74607795   64.020
2017297 121.74565897  24.74607797   64.023
2017298 121.74565900  24.74607795   64.020
2017299 121.74565897  24.74607793   64.028
2017300 121.74565898  24.74607794   64.020
2017301 121.74565895  24.74607792   64.021
2017302 121.74565895  24.74607792   64.019
2017303 121.74565894  24.74607792   64.028
2017304 121.74565893  24.74607790   64.032
