2016306 121.57406089  25.16571257  784.068
2016307 121.57406087  25.16571256  784.078
2016308 121.57406086  25.16571255  784.087
2016309 121.57406090  25.16571255  784.070
2016310 121.57406089  25.16571255  784.088
2016311 121.57406085  25.16571255  784.091
2016312 121.57406086  25.16571257  784.076
2016313 121.57406086  25.16571256  784.083
2016314 121.57406086  25.16571258  784.085
2016315 121.57406085  25.16571256  784.085
2016316 121.57406084  25.16571256  784.085
2016317 121.57406089  25.16571256  784.082
2016318 121.57406088  25.16571258  784.083
2016319 121.57406091  25.16571255  784.081
2016320 121.57406092  25.16571252  784.089
2016321 121.57406089  25.16571255  784.091
2016322 121.57406092  25.16571256  784.087
2016323 121.57406091  25.16571259  784.086
2016324 121.57406089  25.16571260  784.079
2016325 121.57406092  25.16571257  784.087
2016326 121.57406087  25.16571259  784.079
2016327 121.57406091  25.16571256  784.085
2016328 121.57406090  25.16571255  784.081
2016329 121.57406088  25.16571256  784.074
2016330 121.57406091  25.16571256  784.082
2016331 121.57406093  25.16571258  784.086
2016332 121.57406088  25.16571253  784.078
2016333 121.57406093  25.16571255  784.082
2016334 121.57406094  25.16571258  784.082
2016335 121.57406088  25.16571251  784.087
2016336 121.57406091  25.16571257  784.080
2016337 121.57406096  25.16571256  784.073
2016338 121.57406096  25.16571256  784.086
2016339 121.57406093  25.16571258  784.077
2016340 121.57406091  25.16571258  784.079
2016341 121.57406091  25.16571257  784.081
2016342 121.57406089  25.16571256  784.090
2016343 121.57406090  25.16571253  784.080
2016344 121.57406088  25.16571253  784.085
2016345 121.57406090  25.16571252  784.078
2016346 121.57406093  25.16571256  784.079
2016347 121.57406094  25.16571257  784.080
2016348 121.57406091  25.16571258  784.077
2016349 121.57406090  25.16571259  784.074
2016350 121.57406084  25.16571254  784.083
2016351 121.57406087  25.16571252  784.080
2016352 121.57406089  25.16571255  784.082
2016353 121.57406090  25.16571254  784.077
2016354 121.57406090  25.16571253  784.075
2016355 121.57406099  25.16571258  784.077
2016356 121.57406088  25.16571255  784.090
2016357 121.57406092  25.16571258  784.083
2016358 121.57406091  25.16571259  784.097
2016359 121.57406091  25.16571258  784.090
2016360 121.57406095  25.16571259  784.075
2016361 121.57406093  25.16571256  784.078
2016362 121.57406093  25.16571256  784.081
2016363 121.57406087  25.16571253  784.082
2016364 121.57406085  25.16571253  784.079
2016365 121.57406089  25.16571253  784.081
2016366 121.57406093  25.16571249  784.088
2017001 121.57406088  25.16571255  784.084
2017002 121.57406090  25.16571255  784.082
2017003 121.57406091  25.16571251  784.073
2017004 121.57406092  25.16571253  784.080
2017005 121.57406091  25.16571256  784.072
2017006 121.57406091  25.16571253  784.077
2017007 121.57406088  25.16571256  784.076
2017008 121.57406090  25.16571256  784.085
2017009 121.57406092  25.16571256  784.082
2017010 121.57406095  25.16571256  784.077
2017011 121.57406095  25.16571254  784.089
2017012 121.57406097  25.16571257  784.085
2017013 121.57406095  25.16571259  784.079
2017014 121.57406094  25.16571256  784.080
2017015 121.57406091  25.16571259  784.084
2017016 121.57406093  25.16571258  784.083
2017017 121.57406094  25.16571256  784.080
2017018 121.57406093  25.16571257  784.083
2017019 121.57406093  25.16571257  784.077
2017020 121.57406094  25.16571256  784.072
2017021 121.57406094  25.16571253  784.078
2017022 121.57406092  25.16571253  784.079
2017023 121.57406094  25.16571255  784.084
2017024 121.57406095  25.16571253  784.081
2017025 121.57406091  25.16571253  784.081
2017026 121.57406092  25.16571250  784.080
2017027 121.57406091  25.16571250  784.077
2017028 121.57406091  25.16571254  784.088
2017029 121.57406091  25.16571254  784.082
2017030 121.57406091  25.16571253  784.078
2017031 121.57406099  25.16571256  784.086
2017032 121.57406094  25.16571254  784.075
2017033 121.57406093  25.16571251  784.086
2017034 121.57406093  25.16571251  784.080
2017035 121.57406092  25.16571252  784.081
2017036 121.57406095  25.16571253  784.080
2017037 121.57406091  25.16571251  784.087
2017038 121.57406093  25.16571252  784.088
2017039 121.57406096  25.16571254  784.082
2017040 121.57406095  25.16571253  784.078
2017041 121.57406096  25.16571253  784.082
2017042 121.57406094  25.16571254  784.084
2017043 121.57406094  25.16571249  784.081
2017044 121.57406092  25.16571252  784.088
2017045 121.57406093  25.16571254  784.081
2017046 121.57406093  25.16571252  784.079
2017047 121.57406093  25.16571253  784.079
2017048 121.57406093  25.16571253  784.078
2017049 121.57406094  25.16571250  784.085
2017050 121.57406099  25.16571256  784.089
2017051 121.57406094  25.16571253  784.077
2017052 121.57406102  25.16571254  784.075
2017053 121.57406104  25.16571257  784.080
2017054 121.57406097  25.16571259  784.077
2017055 121.57406100  25.16571259  784.082
2017056 121.57406099  25.16571259  784.064
2017057 121.57406101  25.16571256  784.081
2017058 121.57406100  25.16571257  784.076
2017059 121.57406098  25.16571255  784.077
2017060 121.57406095  25.16571252  784.084
2017061 121.57406096  25.16571253  784.089
2017062 121.57406097  25.16571255  784.083
2017063 121.57406093  25.16571251  784.077
2017064 121.57406096  25.16571256  784.078
2017065 121.57406093  25.16571254  784.081
2017066 121.57406095  25.16571253  784.081
2017067 121.57406102  25.16571256  784.084
2017068 121.57406102  25.16571259  784.087
2017069 121.57406103  25.16571255  784.083
2017070 121.57406103  25.16571256  784.080
2017071 121.57406106  25.16571258  784.078
2017072 121.57406106  25.16571259  784.068
2017073 121.57406095  25.16571253  784.086
2017074 121.57406097  25.16571254  784.083
2017075 121.57406097  25.16571255  784.078
2017076 121.57406097  25.16571253  784.080
2017077 121.57406096  25.16571253  784.073
2017078 121.57406102  25.16571258  784.074
2017079 121.57406103  25.16571257  784.081
2017080 121.57406097  25.16571252  784.076
2017081 121.57406097  25.16571253  784.073
2017082 121.57406098  25.16571253  784.079
2017083 121.57406099  25.16571253  784.073
2017084 121.57406098  25.16571255  784.075
2017085 121.57406100  25.16571249  784.081
2017086 121.57406099  25.16571253  784.085
2017087 121.57406104  25.16571252  784.081
2017088 121.57406105  25.16571255  784.077
2017089 121.57406104  25.16571254  784.079
2017090 121.57406101  25.16571261  784.072
2017091 121.57406105  25.16571252  784.071
2017093 121.57406104  25.16571252  784.085
2017094 121.57406099  25.16571253  784.072
2017095 121.57406107  25.16571252  784.087
2017096 121.57406099  25.16571252  784.082
2017097 121.57406100  25.16571252  784.074
2017098 121.57406099  25.16571255  784.079
2017099 121.57406099  25.16571255  784.082
2017100 121.57406104  25.16571259  784.075
2017101 121.57406108  25.16571261  784.077
2017102 121.57406103  25.16571256  784.078
2017103 121.57406105  25.16571255  784.076
2017104 121.57406103  25.16571256  784.072
2017105 121.57406106  25.16571255  784.080
2017106 121.57406106  25.16571255  784.066
2017107 121.57406110  25.16571263  784.084
2017108 121.57406107  25.16571258  784.069
2017109 121.57406108  25.16571256  784.057
2017110 121.57406098  25.16571254  784.073
2017111 121.57406106  25.16571257  784.088
2017112 121.57406103  25.16571255  784.077
2017113 121.57406107  25.16571256  784.081
2017114 121.57406109  25.16571254  784.078
2017115 121.57406103  25.16571257  784.080
2017116 121.57406108  25.16571257  784.074
2017117 121.57406107  25.16571252  784.082
2017118 121.57406104  25.16571255  784.088
2017119 121.57406107  25.16571258  784.076
2017120 121.57406106  25.16571253  784.066
2017121 121.57406104  25.16571258  784.081
2017122 121.57406105  25.16571253  784.081
2017123 121.57406099  25.16571251  784.078
2017124 121.57406099  25.16571252  784.077
2017125 121.57406099  25.16571252  784.078
2017126 121.57406098  25.16571253  784.079
2017127 121.57406101  25.16571253  784.079
2017128 121.57406091  25.16571257  784.076
2017129 121.57406101  25.16571254  784.074
2017130 121.57406104  25.16571256  784.080
2017131 121.57406106  25.16571254  784.072
2017132 121.57406109  25.16571259  784.092
2017136 121.57406106  25.16571256  784.074
2017137 121.57406106  25.16571257  784.080
2017138 121.57406107  25.16571255  784.076
2017139 121.57406106  25.16571255  784.077
2017140 121.57406113  25.16571252  784.079
2017141 121.57406107  25.16571255  784.090
2017142 121.57406107  25.16571256  784.070
2017143 121.57406104  25.16571256  784.068
2017144 121.57406108  25.16571254  784.068
2017145 121.57406110  25.16571254  784.078
2017146 121.57406104  25.16571258  784.097
2017147 121.57406106  25.16571254  784.074
2017148 121.57406108  25.16571252  784.085
2017149 121.57406110  25.16571254  784.074
2017150 121.57406107  25.16571257  784.072
2017151 121.57406114  25.16571261  784.067
2017152 121.57406117  25.16571256  784.079
2017153 121.57406106  25.16571259  784.052
2017154 121.57406110  25.16571257  784.063
2017155 121.57406113  25.16571258  784.081
2017156 121.57406108  25.16571254  784.080
2017157 121.57406110  25.16571261  784.061
2017158 121.57406106  25.16571252  784.076
2017159 121.57406107  25.16571251  784.074
2017160 121.57406106  25.16571252  784.078
2017161 121.57406106  25.16571253  784.058
2017162 121.57406109  25.16571257  784.087
2017163 121.57406112  25.16571251  784.070
2017164 121.57406121  25.16571252  784.072
2017165 121.57406103  25.16571257  784.075
2017166 121.57406102  25.16571259  784.075
2017167 121.57406106  25.16571258  784.069
2017168 121.57406105  25.16571256  784.077
2017169 121.57406104  25.16571256  784.074
2017170 121.57406106  25.16571260  784.085
2017171 121.57406094  25.16571255  784.073
2017172 121.57406096  25.16571255  784.076
2017173 121.57406101  25.16571256  784.076
2017174 121.57406091  25.16571254  784.082
2017175 121.57406098  25.16571258  784.079
2017176 121.57406091  25.16571254  784.071
2017177 121.57406098  25.16571252  784.076
2017178 121.57406098  25.16571252  784.080
2017179 121.57406093  25.16571254  784.095
2017180 121.57406105  25.16571256  784.076
2017181 121.57406103  25.16571256  784.081
2017182 121.57406105  25.16571255  784.081
2017183 121.57406096  25.16571253  784.066
2017184 121.57406110  25.16571259  784.055
2017185 121.57406106  25.16571251  784.081
2017186 121.57406102  25.16571253  784.082
2017187 121.57406094  25.16571252  784.066
2017188 121.57406100  25.16571253  784.083
2017189 121.57406099  25.16571253  784.093
2017190 121.57406098  25.16571251  784.079
2017191 121.57406107  25.16571253  784.078
2017192 121.57406104  25.16571254  784.094
2017193 121.57406104  25.16571252  784.087
2017194 121.57406102  25.16571252  784.073
2017195 121.57406105  25.16571253  784.069
2017196 121.57406106  25.16571256  784.079
2017197 121.57406111  25.16571253  784.075
2017198 121.57406106  25.16571252  784.085
2017199 121.57406103  25.16571253  784.084
2017200 121.57406101  25.16571251  784.085
2017201 121.57406101  25.16571249  784.078
2017202 121.57406103  25.16571252  784.079
2017203 121.57406102  25.16571254  784.063
2017204 121.57406102  25.16571253  784.074
2017205 121.57406099  25.16571250  784.073
2017206 121.57406099  25.16571250  784.075
2017207 121.57406098  25.16571249  784.083
2017208 121.57406099  25.16571249  784.078
2017209 121.57406104  25.16571249  784.069
2017210 121.57406108  25.16571252  784.082
2017211 121.57406106  25.16571260  784.081
2017212 121.57406110  25.16571252  784.078
2017213 121.57406109  25.16571251  784.075
2017214 121.57406108  25.16571253  784.081
2017215 121.57406105  25.16571248  784.072
2017216 121.57406101  25.16571250  784.073
2017217 121.57406102  25.16571255  784.068
2017218 121.57406103  25.16571253  784.081
2017219 121.57406103  25.16571251  784.069
2017220 121.57406103  25.16571251  784.079
2017221 121.57406103  25.16571254  784.073
2017222 121.57406098  25.16571256  784.070
2017223 121.57406106  25.16571253  784.068
2017224 121.57406103  25.16571253  784.073
2017225 121.57406107  25.16571257  784.073
2017226 121.57406110  25.16571258  784.082
2017227 121.57406105  25.16571249  784.066
2017228 121.57406105  25.16571251  784.079
2017229 121.57406099  25.16571249  784.077
2017230 121.57406106  25.16571249  784.077
2017231 121.57406097  25.16571250  784.069
2017232 121.57406106  25.16571253  784.067
2017233 121.57406106  25.16571249  784.077
2017234 121.57406103  25.16571253  784.078
2017235 121.57406100  25.16571249  784.071
2017236 121.57406103  25.16571250  784.083
2017237 121.57406106  25.16571251  784.083
2017238 121.57406109  25.16571251  784.068
2017239 121.57406106  25.16571248  784.078
2017240 121.57406106  25.16571247  784.074
2017241 121.57406105  25.16571243  784.081
2017242 121.57406108  25.16571246  784.081
2017243 121.57406106  25.16571244  784.080
2017244 121.57406107  25.16571246  784.085
2017245 121.57406111  25.16571252  784.070
2017246 121.57406114  25.16571253  784.071
2017247 121.57406112  25.16571248  784.073
2017248 121.57406108  25.16571252  784.072
2017249 121.57406109  25.16571256  784.069
2017250 121.57406110  25.16571251  784.065
2017251 121.57406108  25.16571252  784.098
2017252 121.57406111  25.16571253  784.082
2017253 121.57406105  25.16571255  784.070
2017254 121.57406110  25.16571253  784.071
2017255 121.57406111  25.16571248  784.076
2017256 121.57406107  25.16571247  784.058
2017257 121.57406093  25.16571260  784.066
2017258 121.57406103  25.16571255  784.052
2017259 121.57406108  25.16571252  784.077
2017260 121.57406106  25.16571254  784.075
2017261 121.57406110  25.16571253  784.076
2017262 121.57406109  25.16571255  784.067
2017263 121.57406107  25.16571255  784.085
2017264 121.57406111  25.16571255  784.071
2017265 121.57406109  25.16571253  784.064
2017266 121.57406109  25.16571252  784.075
2017267 121.57406111  25.16571252  784.079
2017268 121.57406114  25.16571252  784.065
2017269 121.57406113  25.16571253  784.068
2017270 121.57406113  25.16571250  784.065
2017271 121.57406103  25.16571240  784.082
2017272 121.57406115  25.16571251  784.064
2017273 121.57406113  25.16571251  784.073
2017274 121.57406113  25.16571256  784.065
2017275 121.57406112  25.16571253  784.064
2017276 121.57406111  25.16571249  784.081
2017277 121.57406106  25.16571247  784.070
2017278 121.57406108  25.16571245  784.073
2017279 121.57406110  25.16571246  784.078
2017280 121.57406108  25.16571242  784.085
2017281 121.57406106  25.16571242  784.089
2017282 121.57406109  25.16571250  784.068
2017283 121.57406111  25.16571244  784.071
2017284 121.57406107  25.16571248  784.066
2017285 121.57406104  25.16571250  784.081
2017286 121.57406107  25.16571243  784.078
2017287 121.57406112  25.16571249  784.076
2017288 121.57406116  25.16571251  784.083
2017289 121.57406111  25.16571246  784.086
2017290 121.57406104  25.16571247  784.069
2017291 121.57406112  25.16571245  784.065
2017292 121.57406113  25.16571251  784.068
2017293 121.57406114  25.16571249  784.072
2017294 121.57406114  25.16571247  784.068
2017295 121.57406114  25.16571250  784.069
2017296 121.57406108  25.16571249  784.080
2017297 121.57406111  25.16571253  784.097
2017298 121.57406116  25.16571247  784.079
2017299 121.57406111  25.16571246  784.078
2017300 121.57406113  25.16571250  784.078
2017301 121.57406109  25.16571244  784.073
2017302 121.57406108  25.16571244  784.072
2017303 121.57406108  25.16571245  784.080
2017304 121.57406108  25.16571242  784.087
